0 0 0
0.0001 8.12499e-10 2.41872e-05
0.0002 6.34534e-09 9.36506e-05
0.0003 2.09067e-08 0.000204073
0.0004 4.83938e-08 0.000351544
0.0005 9.23313e-08 0.000532518
0.0006 1.55906e-07 0.000743786
0.0007 2.42e-07 0.000982437
0.0008 3.53218e-07 0.00124584
0.0009 4.91912e-07 0.00153159
0.001 6.60209e-07 0.00183754
0.0011 8.60028e-07 0.00216173
0.0012 1.0931e-06 0.00250236
0.0013 1.36099e-06 0.00285784
0.0014 1.66511e-06 0.00322669
0.0015 2.00673e-06 0.0036076
0.0016 2.387e-06 0.00399937
0.0017 2.80693e-06 0.00440091
0.0018 3.26747e-06 0.00481122
0.0019 3.76944e-06 0.00522941
0.002 4.31359e-06 0.00565468
0.0021 4.90059e-06 0.00608629
0.0022 5.53103e-06 0.00652356
0.0023 6.20547e-06 0.00696589
0.0024 6.92436e-06 0.00741273
0.0025 7.68815e-06 0.00786358
0.0026 8.4972e-06 0.00831799
0.0027 9.35185e-06 0.00877554
0.0028 1.02524e-05 0.00923586
0.0029 1.11991e-05 0.00969862
0.003 1.21922e-05 0.0101635
0.0031 1.32319e-05 0.0106302
0.0032 1.43183e-05 0.0110985
0.0033 1.54516e-05 0.0115682
0.0034 1.6632e-05 0.012039
0.0035 1.78594e-05 0.0125107
0.0036 1.91341e-05 0.0129832
0.0037 2.04561e-05 0.0134563
0.0038 2.18254e-05 0.0139299
0.0039 2.32421e-05 0.0144038
0.004 2.47062e-05 0.014878
0.0041 2.62177e-05 0.0153522
0.0042 2.77766e-05 0.0158264
0.0043 2.93829e-05 0.0163005
0.0044 3.10367e-05 0.0167744
0.0045 3.27378e-05 0.0172481
0.0046 3.44863e-05 0.0177214
0.0047 3.62821e-05 0.0181944
0.0048 3.81252e-05 0.0186668
0.0049 4.00155e-05 0.0191388
0.005 4.19529e-05 0.0196102
0.0051 4.39375e-05 0.0200809
0.0052 4.59691e-05 0.020551
0.0053 4.80476e-05 0.0210204
0.0054 5.01731e-05 0.021489
0.0055 5.23454e-05 0.0219568
0.0056 5.45645e-05 0.0224239
0.0057 5.68302e-05 0.02289
0.0058 5.91424e-05 0.0233553
0.0059 6.15012e-05 0.0238197
0.006 6.39064e-05 0.0242832
0.0061 6.63578e-05 0.0247457
0.0062 6.88555e-05 0.0252072
0.0063 7.13992e-05 0.0256677
0.0064 7.3989e-05 0.0261272
0.0065 7.66246e-05 0.0265856
0.0066 7.93061e-05 0.027043
0.0067 8.20332e-05 0.0274993
0.0068 8.48059e-05 0.0279544
0.0069 8.7624e-05 0.0284085
0.007 9.04875e-05 0.0288614
0.0071 9.33963e-05 0.0293132
0.0072 9.63501e-05 0.0297638
0.0073 9.9349e-05 0.0302132
0.0074 0.000102393 0.0306614
0.0075 0.000105481 0.0311084
0.0076 0.000108614 0.0315542
0.0077 0.000111792 0.0319988
0.0078 0.000115014 0.0324421
0.0079 0.00011828 0.0328841
0.008 0.000121591 0.0333248
0.0081 0.000124945 0.0337643
0.0082 0.000128344 0.0342025
0.0083 0.000131786 0.0346393
0.0084 0.000135271 0.0350748
0.0085 0.000138801 0.035509
0.0086 0.000142373 0.0359418
0.0087 0.000145989 0.0363733
0.0088 0.000149648 0.0368034
0.0089 0.00015335 0.0372321
0.009 0.000157094 0.0376594
0.0091 0.000160881 0.0380853
0.0092 0.000164711 0.0385098
0.0093 0.000168583 0.0389329
0.0094 0.000172498 0.0393545
0.0095 0.000176454 0.0397747
0.0096 0.000180453 0.0401935
0.0097 0.000184493 0.0406107
0.0098 0.000188575 0.0410265
0.0099 0.000192698 0.0414408
0.01 0.000196863 0.0418536
0.0101 0.000201069 0.0422648
0.0102 0.000205316 0.0426746
0.0103 0.000209604 0.0430828
0.0104 0.000213932 0.0434895
0.0105 0.000218302 0.0438947
0.0106 0.000222711 0.0442982
0.0107 0.000227161 0.0447003
0.0108 0.000231651 0.0451007
0.0109 0.000236181 0.0454995
0.011 0.000240751 0.0458968
0.0111 0.000245361 0.0462924
0.0112 0.000250009 0.0466864
0.0113 0.000254698 0.0470788
0.0114 0.000259425 0.0474696
0.0115 0.000264192 0.0478587
0.0116 0.000268997 0.0482462
0.0117 0.000273841 0.048632
0.0118 0.000278723 0.0490161
0.0119 0.000283644 0.0493985
0.012 0.000288603 0.0497793
0.0121 0.0002936 0.0501583
0.0122 0.000298634 0.0505356
0.0123 0.000303707 0.0509112
0.0124 0.000308817 0.0512851
0.0125 0.000313964 0.0516573
0.0126 0.000319148 0.0520277
0.0127 0.000324369 0.0523963
0.0128 0.000329627 0.0527632
0.0129 0.000334922 0.0531284
0.013 0.000340253 0.0534917
0.0131 0.00034562 0.0538532
0.0132 0.000351023 0.054213
0.0133 0.000356463 0.0545709
0.0134 0.000361938 0.0549271
0.0135 0.000367448 0.0552814
0.0136 0.000372994 0.0556338
0.0137 0.000378575 0.0559845
0.0138 0.000384191 0.0563332
0.0139 0.000389841 0.0566802
0.014 0.000395527 0.0570252
0.0141 0.000401246 0.0573684
0.0142 0.000407 0.0577097
0.0143 0.000412788 0.0580491
0.0144 0.00041861 0.0583867
0.0145 0.000424465 0.0587223
0.0146 0.000430354 0.059056
0.0147 0.000436277 0.0593878
0.0148 0.000442232 0.0597176
0.0149 0.00044822 0.0600455
0.015 0.000454241 0.0603715
0.0151 0.000460294 0.0606955
0.0152 0.00046638 0.0610176
0.0153 0.000472498 0.0613377
0.0154 0.000478647 0.0616558
0.0155 0.000484829 0.0619719
0.0156 0.000491042 0.0622861
0.0157 0.000497286 0.0625982
0.0158 0.000503561 0.0629084
0.0159 0.000509868 0.0632165
0.016 0.000516205 0.0635226
0.0161 0.000522572 0.0638267
0.0162 0.00052897 0.0641287
0.0163 0.000535398 0.0644287
0.0164 0.000541856 0.0647267
0.0165 0.000548343 0.0650226
0.0166 0.00055486 0.0653164
0.0167 0.000561406 0.0656082
0.0168 0.000567982 0.0658979
0.0169 0.000574586 0.0661855
0.017 0.000581219 0.0664711
0.0171 0.00058788 0.0667545
0.0172 0.000594569 0.0670358
0.0173 0.000601287 0.067315
0.0174 0.000608032 0.0675921
0.0175 0.000614805 0.0678671
0.0176 0.000621606 0.06814
0.0177 0.000628433 0.0684107
0.0178 0.000635288 0.0686793
0.0179 0.000642169 0.0689457
0.018 0.000649077 0.06921
0.0181 0.000656011 0.0694721
0.0182 0.000662971 0.069732
0.0183 0.000669957 0.0699898
0.0184 0.000676969 0.0702454
0.0185 0.000684006 0.0704988
0.0186 0.000691069 0.07075
0.0187 0.000698156 0.0709991
0.0188 0.000705268 0.0712459
0.0189 0.000712405 0.0714905
0.019 0.000719567 0.0717329
0.0191 0.000726752 0.0719731
0.0192 0.000733961 0.0722111
0.0193 0.000741194 0.0724468
0.0194 0.00074845 0.0726803
0.0195 0.00075573 0.0729116
0.0196 0.000763033 0.0731406
0.0197 0.000770358 0.0733673
0.0198 0.000777706 0.0735918
0.0199 0.000785076 0.0738141
0.02 0.000792469 0.074034
0.0201 0.000799883 0.0742517
0.0202 0.000807319 0.0744672
0.0203 0.000814776 0.0746803
0.0204 0.000822255 0.0748912
0.0205 0.000829755 0.0750997
0.0206 0.000837275 0.075306
0.0207 0.000844816 0.0755099
0.0208 0.000852377 0.0757116
0.0209 0.000859958 0.075911
0.021 0.000867559 0.076108
0.0211 0.000875179 0.0763027
0.0212 0.000882819 0.0764951
0.0213 0.000890478 0.0766852
0.0214 0.000898156 0.0768729
0.0215 0.000905853 0.0770583
0.0216 0.000913568 0.0772413
0.0217 0.000921301 0.077422
0.0218 0.000929052 0.0776004
0.0219 0.000936821 0.0777764
0.022 0.000944607 0.07795
0.0221 0.000952411 0.0781213
0.0222 0.000960232 0.0782902
0.0223 0.000968069 0.0784568
0.0224 0.000975923 0.0786209
0.0225 0.000983793 0.0787827
0.0226 0.000991679 0.0789422
0.0227 0.000999581 0.0790992
0.0228 0.0010075 0.0792538
0.0229 0.00101543 0.0794061
0.023 0.00102338 0.079556
0.0231 0.00103134 0.0797034
0.0232 0.00103932 0.0798485
0.0233 0.00104731 0.0799911
0.0234 0.00105532 0.0801314
0.0235 0.00106334 0.0802692
0.0236 0.00107137 0.0804047
0.0237 0.00107942 0.0805377
0.0238 0.00108748 0.0806683
0.0239 0.00109555 0.0807964
0.024 0.00110364 0.0809222
0.0241 0.00111174 0.0810455
0.0242 0.00111985 0.0811664
0.0243 0.00112797 0.0812849
0.0244 0.00113611 0.0814009
0.0245 0.00114425 0.0815145
0.0246 0.00115241 0.0816256
0.0247 0.00116058 0.0817343
0.0248 0.00116875 0.0818405
0.0249 0.00117694 0.0819444
0.025 0.00118514 0.0820457
0.0251 0.00119335 0.0821446
0.0252 0.00120157 0.0822411
0.0253 0.0012098 0.0823351
0.0254 0.00121804 0.0824266
0.0255 0.00122629 0.0825157
0.0256 0.00123454 0.0826023
0.0257 0.00124281 0.0826865
0.0258 0.00125108 0.0827681
0.0259 0.00125936 0.0828474
0.026 0.00126765 0.0829241
0.0261 0.00127595 0.0829984
0.0262 0.00128425 0.0830702
0.0263 0.00129256 0.0831396
0.0264 0.00130088 0.0832064
0.0265 0.0013092 0.0832708
0.0266 0.00131753 0.0833327
0.0267 0.00132587 0.0833922
0.0268 0.00133421 0.0834491
0.0269 0.00134256 0.0835036
0.027 0.00135091 0.0835556
0.0271 0.00135927 0.0836051
0.0272 0.00136763 0.0836522
0.0273 0.001376 0.0836967
0.0274 0.00138437 0.0837388
0.0275 0.00139275 0.0837784
0.0276 0.00140113 0.0838155
0.0277 0.00140951 0.0838501
0.0278 0.0014179 0.0838823
0.0279 0.00142629 0.0839119
0.028 0.00143468 0.0839391
0.0281 0.00144307 0.0839637
0.0282 0.00145147 0.0839859
0.0283 0.00145987 0.0840056
0.0284 0.00146827 0.0840228
0.0285 0.00147667 0.0840375
0.0286 0.00148508 0.0840498
0.0287 0.00149348 0.0840595
0.0288 0.00150189 0.0840668
0.0289 0.0015103 0.0840715
0.029 0.0015187 0.0840738
0.0291 0.00152711 0.0840736
0.0292 0.00153552 0.0840709
0.0293 0.00154393 0.0840658
0.0294 0.00155233 0.0840581
0.0295 0.00156074 0.084048
0.0296 0.00156914 0.0840353
0.0297 0.00157754 0.0840202
0.0298 0.00158595 0.0840026
0.0299 0.00159435 0.0839826
0.03 0.00160274 0.08396
0.0301 0.00161114 0.083935
0.0302 0.00161953 0.0839075
0.0303 0.00162792 0.0838775
0.0304 0.0016363 0.083845
0.0305 0.00164469 0.0838101
0.0306 0.00165307 0.0837727
0.0307 0.00166144 0.0837328
0.0308 0.00166981 0.0836904
0.0309 0.00167818 0.0836456
0.031 0.00168654 0.0835983
0.0311 0.0016949 0.0835485
0.0312 0.00170325 0.0834963
0.0313 0.0017116 0.0834416
0.0314 0.00171994 0.0833844
0.0315 0.00172828 0.0833248
0.0316 0.0017366 0.0832627
0.0317 0.00174493 0.0831982
0.0318 0.00175324 0.0831312
0.0319 0.00176155 0.0830618
0.032 0.00176986 0.0829899
0.0321 0.00177815 0.0829156
0.0322 0.00178644 0.0828388
0.0323 0.00179472 0.0827596
0.0324 0.00180299 0.0826779
0.0325 0.00181126 0.0825938
0.0326 0.00181951 0.0825073
0.0327 0.00182776 0.0824183
0.0328 0.00183599 0.0823269
0.0329 0.00184422 0.082233
0.033 0.00185244 0.0821368
0.0331 0.00186065 0.0820381
0.0332 0.00186885 0.081937
0.0333 0.00187704 0.0818335
0.0334 0.00188521 0.0817276
0.0335 0.00189338 0.0816192
0.0336 0.00190154 0.0815085
0.0337 0.00190968 0.0813953
0.0338 0.00191782 0.0812798
0.0339 0.00192594 0.0811618
0.034 0.00193405 0.0810415
0.0341 0.00194215 0.0809187
0.0342 0.00195023 0.0807936
0.0343 0.00195831 0.0806661
0.0344 0.00196637 0.0805362
0.0345 0.00197441 0.0804039
0.0346 0.00198245 0.0802692
0.0347 0.00199047 0.0801322
0.0348 0.00199847 0.0799928
0.0349 0.00200647 0.0798511
0.035 0.00201444 0.079707
0.0351 0.00202241 0.0795605
0.0352 0.00203036 0.0794117
0.0353 0.00203829 0.0792606
0.0354 0.00204621 0.0791071
0.0355 0.00205411 0.0789512
0.0356 0.002062 0.0787931
0.0357 0.00206987 0.0786326
0.0358 0.00207772 0.0784697
0.0359 0.00208556 0.0783046
0.036 0.00209339 0.0781371
0.0361 0.00210119 0.0779673
0.0362 0.00210898 0.0777953
0.0363 0.00211675 0.0776209
0.0364 0.0021245 0.0774442
0.0365 0.00213224 0.0772652
0.0366 0.00213996 0.0770839
0.0367 0.00214765 0.0769004
0.0368 0.00215534 0.0767146
0.0369 0.002163 0.0765265
0.037 0.00217064 0.0763361
0.0371 0.00217826 0.0761435
0.0372 0.00218587 0.0759486
0.0373 0.00219345 0.0757514
0.0374 0.00220102 0.0755521
0.0375 0.00220856 0.0753504
0.0376 0.00221609 0.0751466
0.0377 0.00222359 0.0749405
0.0378 0.00223108 0.0747321
0.0379 0.00223854 0.0745216
0.038 0.00224598 0.0743088
0.0381 0.0022534 0.0740939
0.0382 0.0022608 0.0738767
0.0383 0.00226818 0.0736573
0.0384 0.00227553 0.0734358
0.0385 0.00228286 0.073212
0.0386 0.00229017 0.0729861
0.0387 0.00229746 0.072758
0.0388 0.00230473 0.0725277
0.0389 0.00231197 0.0722953
0.039 0.00231918 0.0720607
0.0391 0.00232638 0.071824
0.0392 0.00233355 0.0715851
0.0393 0.0023407 0.0713441
0.0394 0.00234782 0.071101
0.0395 0.00235492 0.0708557
0.0396 0.00236199 0.0706083
0.0397 0.00236904 0.0703588
0.0398 0.00237606 0.0701072
0.0399 0.00238306 0.0698535
0.04 0.00239003 0.0695977
0.0401 0.00239698 0.0693399
0.0402 0.0024039 0.0690799
0.0403 0.00241079 0.0688179
0.0404 0.00241766 0.0685538
0.0405 0.00242451 0.0682877
0.0406 0.00243132 0.0680195
0.0407 0.00243811 0.0677492
0.0408 0.00244487 0.067477
0.0409 0.0024516 0.0672027
0.041 0.00245831 0.0669264
0.0411 0.00246499 0.066648
0.0412 0.00247164 0.0663677
0.0413 0.00247826 0.0660854
0.0414 0.00248486 0.065801
0.0415 0.00249142 0.0655147
0.0416 0.00249796 0.0652264
0.0417 0.00250447 0.0649362
0.0418 0.00251095 0.064644
0.0419 0.0025174 0.0643498
0.042 0.00252382 0.0640537
0.0421 0.00253021 0.0637556
0.0422 0.00253657 0.0634556
0.0423 0.0025429 0.0631537
0.0424 0.0025492 0.0628499
0.0425 0.00255547 0.0625441
0.0426 0.00256171 0.0622365
0.0427 0.00256792 0.061927
0.0428 0.00257409 0.0616156
0.0429 0.00258024 0.0613023
0.043 0.00258635 0.0609871
0.0431 0.00259244 0.0606701
0.0432 0.00259849 0.0603513
0.0433 0.00260451 0.0600306
0.0434 0.00261049 0.059708
0.0435 0.00261645 0.0593837
0.0436 0.00262237 0.0590575
0.0437 0.00262826 0.0587295
0.0438 0.00263412 0.0583997
0.0439 0.00263994 0.0580682
0.044 0.00264573 0.0577348
0.0441 0.00265149 0.0573997
0.0442 0.00265721 0.0570628
0.0443 0.0026629 0.0567241
0.0444 0.00266855 0.0563837
0.0445 0.00267418 0.0560416
0.0446 0.00267976 0.0556977
0.0447 0.00268532 0.0553521
0.0448 0.00269083 0.0550048
0.0449 0.00269632 0.0546558
0.045 0.00270176 0.0543051
0.0451 0.00270718 0.0539527
0.0452 0.00271255 0.0535987
0.0453 0.0027179 0.0532429
0.0454 0.0027232 0.0528856
0.0455 0.00272847 0.0525265
0.0456 0.00273371 0.0521659
0.0457 0.00273891 0.0518036
0.0458 0.00274407 0.0514396
0.0459 0.00274919 0.0510741
0.046 0.00275428 0.050707
0.0461 0.00275934 0.0503383
0.0462 0.00276435 0.0499679
0.0463 0.00276933 0.0495961
0.0464 0.00277427 0.0492226
0.0465 0.00277917 0.0488476
0.0466 0.00278404 0.0484711
0.0467 0.00278887 0.048093
0.0468 0.00279366 0.0477134
0.0469 0.00279841 0.0473323
0.047 0.00280312 0.0469497
0.0471 0.0028078 0.0465656
0.0472 0.00281244 0.04618
0.0473 0.00281704 0.0457929
0.0474 0.0028216 0.0454044
0.0475 0.00282612 0.0450144
0.0476 0.0028306 0.044623
0.0477 0.00283504 0.0442301
0.0478 0.00283945 0.0438358
0.0479 0.00284381 0.0434401
0.048 0.00284813 0.043043
0.0481 0.00285242 0.0426445
0.0482 0.00285666 0.0422446
0.0483 0.00286087 0.0418434
0.0484 0.00286503 0.0414408
0.0485 0.00286915 0.0410368
0.0486 0.00287324 0.0406315
0.0487 0.00287728 0.0402248
0.0488 0.00288128 0.0398169
0.0489 0.00288524 0.0394076
0.049 0.00288916 0.038997
0.0491 0.00289304 0.0385852
0.0492 0.00289688 0.038172
0.0493 0.00290068 0.0377576
0.0494 0.00290443 0.0373419
0.0495 0.00290815 0.036925
0.0496 0.00291182 0.0365069
0.0497 0.00291545 0.0360875
0.0498 0.00291904 0.0356669
0.0499 0.00292258 0.0352451
0.05 0.00292608 0.0348221
0.0501 0.00292955 0.034398
0.0502 0.00293296 0.0339726
0.0503 0.00293634 0.0335461
0.0504 0.00293967 0.0331185
0.0505 0.00294296 0.0326897
0.0506 0.00294621 0.0322598
0.0507 0.00294942 0.0318288
0.0508 0.00295258 0.0313966
0.0509 0.00295569 0.0309634
0.051 0.00295877 0.0305291
0.0511 0.0029618 0.0300937
0.0512 0.00296479 0.0296573
0.0513 0.00296773 0.0292198
0.0514 0.00297063 0.0287813
0.0515 0.00297349 0.0283417
0.0516 0.0029763 0.0279012
0.0517 0.00297907 0.0274596
0.0518 0.00298179 0.027017
0.0519 0.00298447 0.0265735
0.052 0.00298711 0.026129
0.0521 0.0029897 0.0256835
0.0522 0.00299224 0.0252371
0.0523 0.00299475 0.0247898
0.0524 0.0029972 0.0243415
0.0525 0.00299961 0.0238923
0.0526 0.00300198 0.0234422
0.0527 0.0030043 0.0229912
0.0528 0.00300658 0.0225394
0.0529 0.00300881 0.0220867
0.053 0.003011 0.0216331
0.0531 0.00301314 0.0211787
0.0532 0.00301523 0.0207234
0.0533 0.00301728 0.0202673
0.0534 0.00301928 0.0198105
0.0535 0.00302124 0.0193528
0.0536 0.00302316 0.0188943
0.0537 0.00302502 0.0184351
0.0538 0.00302684 0.0179751
0.0539 0.00302862 0.0175144
0.054 0.00303035 0.0170529
0.0541 0.00303203 0.0165907
0.0542 0.00303366 0.0161278
0.0543 0.00303525 0.0156642
0.0544 0.0030368 0.0151999
0.0545 0.00303829 0.0147349
0.0546 0.00303974 0.0142693
0.0547 0.00304115 0.013803
0.0548 0.0030425 0.013336
0.0549 0.00304381 0.0128685
0.055 0.00304508 0.0124003
0.0551 0.00304629 0.0119315
0.0552 0.00304746 0.0114621
0.0553 0.00304859 0.0109921
0.0554 0.00304966 0.0105216
0.0555 0.00305069 0.0100505
0.0556 0.00305167 0.00957883
0.0557 0.00305261 0.00910665
0.0558 0.00305349 0.00863396
0.0559 0.00305433 0.00816075
0.056 0.00305513 0.00768705
0.0561 0.00305587 0.00721286
0.0562 0.00305657 0.0067382
0.0563 0.00305722 0.00626307
0.0564 0.00305782 0.0057875
0.0565 0.00305838 0.00531149
0.0566 0.00305888 0.00483506
0.0567 0.00305934 0.00435822
0.0568 0.00305975 0.00388098
0.0569 0.00306012 0.00340335
0.057 0.00306044 0.00292534
0.0571 0.0030607 0.00244697
0.0572 0.00306092 0.00196825
0.0573 0.0030611 0.0014892
0.0574 0.00306122 0.00100981
0.0575 0.0030613 0.000530114
0.0576 0.00306133 5.01141e-05
0.0577 0.00306131 -0.000430175
0.0578 0.00306124 -0.000910741
0.0579 0.00306113 -0.00139157
0.058 0.00306096 -0.00187265
0.0581 0.00306075 -0.00235398
0.0582 0.00306049 -0.00283553
0.0583 0.00306019 -0.0033173
0.0584 0.00305983 -0.00379927
0.0585 0.00305943 -0.00428143
0.0586 0.00305897 -0.00476376
0.0587 0.00305847 -0.00524627
0.0588 0.00305792 -0.00572893
0.0589 0.00305733 -0.00621173
0.059 0.00305668 -0.00669466
0.0591 0.00305599 -0.0071777
0.0592 0.00305525 -0.00766085
0.0593 0.00305446 -0.0081441
0.0594 0.00305362 -0.00862742
0.0595 0.00305273 -0.00911081
0.0596 0.0030518 -0.00959425
0.0597 0.00305081 -0.0100777
0.0598 0.00304978 -0.0105613
0.0599 0.0030487 -0.0110448
0.06 0.00304757 -0.0115283
0.0601 0.00304639 -0.0120119
0.0602 0.00304517 -0.0124954
0.0603 0.00304389 -0.0129789
0.0604 0.00304257 -0.0134623
0.0605 0.0030412 -0.0139457
0.0606 0.00303978 -0.014429
0.0607 0.00303832 -0.0149122
0.0608 0.0030368 -0.0153954
0.0609 0.00303524 -0.0158784
0.061 0.00303363 -0.0163613
0.0611 0.00303197 -0.0168441
0.0612 0.00303026 -0.0173267
0.0613 0.0030285 -0.0178092
0.0614 0.00302669 -0.0182915
0.0615 0.00302484 -0.0187737
0.0616 0.00302294 -0.0192556
0.0617 0.00302099 -0.0197373
0.0618 0.00301899 -0.0202189
0.0619 0.00301695 -0.0207001
0.062 0.00301485 -0.0211812
0.0621 0.00301271 -0.021662
0.0622 0.00301052 -0.0221425
0.0623 0.00300828 -0.0226228
0.0624 0.003006 -0.0231027
0.0625 0.00300366 -0.0235824
0.0626 0.00300128 -0.0240617
0.0627 0.00299885 -0.0245408
0.0628 0.00299637 -0.0250194
0.0629 0.00299385 -0.0254978
0.063 0.00299127 -0.0259757
0.0631 0.00298865 -0.0264533
0.0632 0.00298598 -0.0269305
0.0633 0.00298326 -0.0274073
0.0634 0.0029805 -0.0278837
0.0635 0.00297769 -0.0283596
0.0636 0.00297483 -0.0288351
0.0637 0.00297192 -0.0293102
0.0638 0.00296897 -0.0297848
0.0639 0.00296596 -0.0302589
0.064 0.00296291 -0.0307326
0.0641 0.00295982 -0.0312057
0.0642 0.00295667 -0.0316784
0.0643 0.00295348 -0.0321505
0.0644 0.00295024 -0.0326221
0.0645 0.00294696 -0.0330931
0.0646 0.00294362 -0.0335636
0.0647 0.00294024 -0.0340335
0.0648 0.00293682 -0.0345028
0.0649 0.00293334 -0.0349715
0.065 0.00292982 -0.0354396
0.0651 0.00292626 -0.0359071
0.0652 0.00292264 -0.036374
0.0653 0.00291898 -0.0368402
0.0654 0.00291527 -0.0373058
0.0655 0.00291152 -0.0377707
0.0656 0.00290772 -0.0382349
0.0657 0.00290387 -0.0386985
0.0658 0.00289998 -0.0391613
0.0659 0.00289604 -0.0396234
0.066 0.00289206 -0.0400848
0.0661 0.00288802 -0.0405455
0.0662 0.00288395 -0.0410054
0.0663 0.00287982 -0.0414645
0.0664 0.00287565 -0.0419229
0.0665 0.00287144 -0.0423805
0.0666 0.00286718 -0.0428373
0.0667 0.00286287 -0.0432933
0.0668 0.00285852 -0.0437485
0.0669 0.00285412 -0.0442028
0.067 0.00284968 -0.0446563
0.0671 0.00284519 -0.0451089
0.0672 0.00284066 -0.0455607
0.0673 0.00283608 -0.0460116
0.0674 0.00283145 -0.0464616
0.0675 0.00282679 -0.0469107
0.0676 0.00282207 -0.0473589
0.0677 0.00281731 -0.0478062
0.0678 0.00281251 -0.0482525
0.0679 0.00280766 -0.0486979
0.068 0.00280277 -0.0491423
0.0681 0.00279783 -0.0495858
0.0682 0.00279285 -0.0500283
0.0683 0.00278783 -0.0504698
0.0684 0.00278276 -0.0509103
0.0685 0.00277765 -0.0513497
0.0686 0.00277249 -0.0517882
0.0687 0.00276729 -0.0522256
0.0688 0.00276204 -0.0526619
0.0689 0.00275676 -0.0530972
0.069 0.00275143 -0.0535315
0.0691 0.00274605 -0.0539646
0.0692 0.00274063 -0.0543967
0.0693 0.00273517 -0.0548276
0.0694 0.00272967 -0.0552575
0.0695 0.00272412 -0.0556862
0.0696 0.00271853 -0.0561138
0.0697 0.0027129 -0.0565402
0.0698 0.00270722 -0.0569655
0.0699 0.0027015 -0.0573896
0.07 0.00269574 -0.0578125
0.0701 0.00268994 -0.0582342
0.0702 0.0026841 -0.0586547
0.0703 0.00267821 -0.0590741
0.0704 0.00267228 -0.0594922
0.0705 0.00266631 -0.059909
0.0706 0.0026603 -0.0603246
0.0707 0.00265425 -0.060739
0.0708 0.00264815 -0.0611521
0.0709 0.00264202 -0.0615639
0.071 0.00263584 -0.0619744
0.0711 0.00262962 -0.0623836
0.0712 0.00262336 -0.0627916
0.0713 0.00261706 -0.0631982
0.0714 0.00261072 -0.0636034
0.0715 0.00260434 -0.0640074
0.0716 0.00259792 -0.06441
0.0717 0.00259146 -0.0648112
0.0718 0.00258496 -0.065211
0.0719 0.00257842 -0.0656095
0.072 0.00257184 -0.0660066
0.0721 0.00256522 -0.0664023
0.0722 0.00255856 -0.0667965
0.0723 0.00255186 -0.0671894
0.0724 0.00254512 -0.0675808
0.0725 0.00253834 -0.0679708
0.0726 0.00253153 -0.0683593
0.0727 0.00252467 -0.0687464
0.0728 0.00251778 -0.069132
0.0729 0.00251084 -0.0695161
0.073 0.00250387 -0.0698987
0.0731 0.00249686 -0.0702798
0.0732 0.00248982 -0.0706594
0.0733 0.00248273 -0.0710375
0.0734 0.00247561 -0.0714141
0.0735 0.00246845 -0.0717891
0.0736 0.00246125 -0.0721626
0.0737 0.00245402 -0.0725345
0.0738 0.00244675 -0.0729048
0.0739 0.00243944 -0.0732736
0.074 0.00243209 -0.0736407
0.0741 0.00242471 -0.0740063
0.0742 0.00241729 -0.0743703
0.0743 0.00240983 -0.0747326
0.0744 0.00240234 -0.0750934
0.0745 0.00239482 -0.0754525
0.0746 0.00238725 -0.0758099
0.0747 0.00237965 -0.0761657
0.0748 0.00237202 -0.0765199
0.0749 0.00236435 -0.0768723
0.075 0.00235665 -0.0772231
0.0751 0.00234891 -0.0775722
0.0752 0.00234113 -0.0779196
0.0753 0.00233332 -0.0782653
0.0754 0.00232548 -0.0786093
0.0755 0.0023176 -0.0789516
0.0756 0.00230969 -0.0792921
0.0757 0.00230174 -0.0796309
0.0758 0.00229376 -0.0799679
0.0759 0.00228575 -0.0803032
0.076 0.0022777 -0.0806367
0.0761 0.00226962 -0.0809684
0.0762 0.00226151 -0.0812983
0.0763 0.00225336 -0.0816265
0.0764 0.00224518 -0.0819528
0.0765 0.00223697 -0.0822773
0.0766 0.00222873 -0.0826001
0.0767 0.00222045 -0.0829209
0.0768 0.00221214 -0.08324
0.0769 0.0022038 -0.0835572
0.077 0.00219543 -0.0838726
0.0771 0.00218703 -0.0841861
0.0772 0.00217859 -0.0844977
0.0773 0.00217013 -0.0848074
0.0774 0.00216163 -0.0851153
0.0775 0.00215311 -0.0854213
0.0776 0.00214455 -0.0857254
0.0777 0.00213596 -0.0860275
0.0778 0.00212734 -0.0863278
0.0779 0.0021187 -0.0866261
0.078 0.00211002 -0.0869225
0.0781 0.00210131 -0.087217
0.0782 0.00209257 -0.0875095
0.0783 0.00208381 -0.0878
0.0784 0.00207501 -0.0880886
0.0785 0.00206619 -0.0883753
0.0786 0.00205734 -0.0886599
0.0787 0.00204846 -0.0889426
0.0788 0.00203955 -0.0892233
0.0789 0.00203062 -0.0895019
0.079 0.00202165 -0.0897786
0.0791 0.00201266 -0.0900533
0.0792 0.00200364 -0.0903259
0.0793 0.00199459 -0.0905965
0.0794 0.00198552 -0.0908651
0.0795 0.00197642 -0.0911317
0.0796 0.00196729 -0.0913962
0.0797 0.00195814 -0.0916586
0.0798 0.00194896 -0.091919
0.0799 0.00193976 -0.0921773
0.08 0.00193053 -0.0924335
0.0801 0.00192127 -0.0926877
0.0802 0.00191199 -0.0929398
0.0803 0.00190268 -0.0931897
0.0804 0.00189335 -0.0934376
0.0805 0.001884 -0.0936834
0.0806 0.00187462 -0.093927
0.0807 0.00186521 -0.0941686
0.0808 0.00185578 -0.094408
0.0809 0.00184633 -0.0946453
0.081 0.00183685 -0.0948804
0.0811 0.00182735 -0.0951134
0.0812 0.00181783 -0.0953442
0.0813 0.00180828 -0.0955729
0.0814 0.00179872 -0.0957994
0.0815 0.00178912 -0.0960238
0.0816 0.00177951 -0.096246
0.0817 0.00176988 -0.096466
0.0818 0.00176022 -0.0966838
0.0819 0.00175054 -0.0968994
0.082 0.00174084 -0.0971128
0.0821 0.00173112 -0.0973241
0.0822 0.00172137 -0.0975331
0.0823 0.00171161 -0.0977399
0.0824 0.00170183 -0.0979445
0.0825 0.00169202 -0.0981468
0.0826 0.0016822 -0.0983469
0.0827 0.00167235 -0.0985448
0.0828 0.00166249 -0.0987405
0.0829 0.0016526 -0.0989339
0.083 0.0016427 -0.0991251
0.0831 0.00163278 -0.099314
0.0832 0.00162284 -0.0995006
0.0833 0.00161288 -0.099685
0.0834 0.0016029 -0.0998671
0.0835 0.00159291 -0.100047
0.0836 0.00158289 -0.100224
0.0837 0.00157286 -0.1004
0.0838 0.00156281 -0.100573
0.0839 0.00155275 -0.100743
0.084 0.00154266 -0.100912
0.0841 0.00153256 -0.101078
0.0842 0.00152245 -0.101242
0.0843 0.00151232 -0.101403
0.0844 0.00150217 -0.101562
0.0845 0.001492 -0.101719
0.0846 0.00148182 -0.101874
0.0847 0.00147163 -0.102026
0.0848 0.00146142 -0.102176
0.0849 0.00145119 -0.102323
0.085 0.00144095 -0.102468
0.0851 0.0014307 -0.102611
0.0852 0.00142043 -0.102752
0.0853 0.00141015 -0.10289
0.0854 0.00139985 -0.103026
0.0855 0.00138954 -0.103159
0.0856 0.00137922 -0.10329
0.0857 0.00136889 -0.103419
0.0858 0.00135854 -0.103545
0.0859 0.00134818 -0.103669
0.086 0.0013378 -0.103791
0.0861 0.00132742 -0.10391
0.0862 0.00131702 -0.104027
0.0863 0.00130661 -0.104141
0.0864 0.00129619 -0.104253
0.0865 0.00128576 -0.104363
0.0866 0.00127532 -0.10447
0.0867 0.00126487 -0.104575
0.0868 0.00125441 -0.104677
0.0869 0.00124393 -0.104778
0.087 0.00123345 -0.104875
0.0871 0.00122296 -0.10497
0.0872 0.00121246 -0.105063
0.0873 0.00120195 -0.105154
0.0874 0.00119143 -0.105242
0.0875 0.0011809 -0.105327
0.0876 0.00117036 -0.105411
0.0877 0.00115982 -0.105491
0.0878 0.00114926 -0.10557
0.0879 0.0011387 -0.105646
0.088 0.00112813 -0.105719
0.0881 0.00111756 -0.10579
0.0882 0.00110698 -0.105859
0.0883 0.00109639 -0.105925
0.0884 0.00108579 -0.105989
0.0885 0.00107519 -0.10605
0.0886 0.00106458 -0.106109
0.0887 0.00105397 -0.106165
0.0888 0.00104335 -0.106219
0.0889 0.00103272 -0.106271
0.089 0.0010221 -0.10632
0.0891 0.00101146 -0.106366
0.0892 0.00100082 -0.106411
0.0893 0.000990179 -0.106452
0.0894 0.000979531 -0.106492
0.0895 0.00096888 -0.106528
0.0896 0.000958226 -0.106563
0.0897 0.000947568 -0.106595
0.0898 0.000936907 -0.106624
0.0899 0.000926243 -0.106651
0.09 0.000915577 -0.106676
0.0901 0.000904908 -0.106698
0.0902 0.000894237 -0.106717
0.0903 0.000883565 -0.106735
0.0904 0.000872891 -0.106749
0.0905 0.000862215 -0.106761
0.0906 0.000851538 -0.106771
0.0907 0.000840861 -0.106779
0.0908 0.000830183 -0.106783
0.0909 0.000819504 -0.106786
0.091 0.000808826 -0.106786
0.0911 0.000798147 -0.106783
0.0912 0.000787469 -0.106778
0.0913 0.000776792 -0.106771
0.0914 0.000766115 -0.106761
0.0915 0.00075544 -0.106748
0.0916 0.000744766 -0.106734
0.0917 0.000734093 -0.106716
0.0918 0.000723422 -0.106696
0.0919 0.000712754 -0.106674
0.092 0.000702088 -0.106649
0.0921 0.000691424 -0.106622
0.0922 0.000680763 -0.106593
0.0923 0.000670106 -0.106561
0.0924 0.000659451 -0.106526
0.0925 0.0006488 -0.106489
0.0926 0.000638154 -0.106449
0.0927 0.000627511 -0.106408
0.0928 0.000616872 -0.106363
0.0929 0.000606238 -0.106316
0.093 0.000595609 -0.106267
0.0931 0.000584985 -0.106215
0.0932 0.000574366 -0.106161
0.0933 0.000563753 -0.106104
0.0934 0.000553145 -0.106045
0.0935 0.000542544 -0.105984
0.0936 0.000531949 -0.10592
0.0937 0.00052136 -0.105853
0.0938 0.000510778 -0.105784
0.0939 0.000500203 -0.105713
0.094 0.000489636 -0.105639
0.0941 0.000479075 -0.105563
0.0942 0.000468523 -0.105484
0.0943 0.000457979 -0.105403
0.0944 0.000447443 -0.105319
0.0945 0.000436915 -0.105233
0.0946 0.000426396 -0.105145
0.0947 0.000415886 -0.105054
0.0948 0.000405385 -0.104961
0.0949 0.000394894 -0.104865
0.095 0.000384412 -0.104767
0.0951 0.000373941 -0.104666
0.0952 0.000363479 -0.104563
0.0953 0.000353028 -0.104458
0.0954 0.000342588 -0.10435
0.0955 0.000332158 -0.10424
0.0956 0.00032174 -0.104127
0.0957 0.000311333 -0.104012
0.0958 0.000300937 -0.103895
0.0959 0.000290554 -0.103775
0.096 0.000280182 -0.103653
0.0961 0.000269823 -0.103528
0.0962 0.000259477 -0.103401
0.0963 0.000249143 -0.103272
0.0964 0.000238823 -0.10314
0.0965 0.000228515 -0.103006
0.0966 0.000218222 -0.102869
0.0967 0.000207942 -0.10273
0.0968 0.000197676 -0.102589
0.0969 0.000187424 -0.102445
0.097 0.000177187 -0.102299
0.0971 0.000166964 -0.102151
0.0972 0.000156757 -0.102
0.0973 0.000146564 -0.101847
0.0974 0.000136387 -0.101691
0.0975 0.000126226 -0.101533
0.0976 0.000116081 -0.101373
0.0977 0.000105952 -0.101211
0.0978 9.58389e-05 -0.101046
0.0979 8.57426e-05 -0.100878
0.098 7.56633e-05 -0.100709
0.0981 6.56009e-05 -0.100537
0.0982 5.55559e-05 -0.100363
0.0983 4.55284e-05 -0.100186
0.0984 3.55187e-05 -0.100008
0.0985 2.5527e-05 -0.0998264
0.0986 1.55535e-05 -0.099643
0.0987 5.59849e-06 -0.0994573
0.0988 -4.33785e-06 -0.0992692
0.0989 -1.42553e-05 -0.0990789
0.099 -2.41536e-05 -0.0988863
0.0991 -3.40325e-05 -0.0986914
0.0992 -4.38918e-05 -0.0984942
0.0993 -5.37312e-05 -0.0982948
0.0994 -6.35506e-05 -0.0980931
0.0995 -7.33498e-05 -0.0978891
0.0996 -8.31284e-05 -0.0976829
0.0997 -9.28863e-05 -0.0974744
0.0998 -0.000102623 -0.0972636
0.0999 -0.000112339 -0.0970507
0.1 -0.000122033 -0.0968354
0.1001 -0.000131706 -0.096618
0.1002 -0.000141357 -0.0963983
0.1003 -0.000150986 -0.0961764
0.1004 -0.000160592 -0.0959523
0.1005 -0.000170176 -0.095726
0.1006 -0.000179737 -0.0954974
0.1007 -0.000189275 -0.0952667
0.1008 -0.00019879 -0.0950338
0.1009 -0.000208282 -0.0947986
0.101 -0.00021775 -0.0945613
0.1011 -0.000227194 -0.0943218
0.1012 -0.000236614 -0.0940802
0.1013 -0.00024601 -0.0938364
0.1014 -0.000255382 -0.0935904
0.1015 -0.000264728 -0.0933422
0.1016 -0.00027405 -0.093092
0.1017 -0.000283346 -0.0928395
0.1018 -0.000292618 -0.092585
0.1019 -0.000301863 -0.0923283
0.102 -0.000311083 -0.0920694
0.1021 -0.000320277 -0.0918085
0.1022 -0.000329445 -0.0915455
0.1023 -0.000338586 -0.0912803
0.1024 -0.000347701 -0.091013
0.1025 -0.000356789 -0.0907437
0.1026 -0.00036585 -0.0904723
0.1027 -0.000374883 -0.0901988
0.1028 -0.000383889 -0.0899232
0.1029 -0.000392868 -0.0896455
0.103 -0.000401818 -0.0893658
0.1031 -0.000410741 -0.0890841
0.1032 -0.000419635 -0.0888003
0.1033 -0.000428501 -0.0885144
0.1034 -0.000437338 -0.0882265
0.1035 -0.000446146 -0.0879366
0.1036 -0.000454925 -0.0876447
0.1037 -0.000463675 -0.0873508
0.1038 -0.000472395 -0.0870549
0.1039 -0.000481086 -0.086757
0.104 -0.000489747 -0.086457
0.1041 -0.000498377 -0.0861551
0.1042 -0.000506978 -0.0858513
0.1043 -0.000515547 -0.0855454
0.1044 -0.000524087 -0.0852377
0.1045 -0.000532595 -0.0849279
0.1046 -0.000541072 -0.0846162
0.1047 -0.000549518 -0.0843026
0.1048 -0.000557933 -0.083987
0.1049 -0.000566315 -0.0836696
0.105 -0.000574666 -0.0833502
0.1051 -0.000582985 -0.0830289
0.1052 -0.000591272 -0.0827057
0.1053 -0.000599526 -0.0823806
0.1054 -0.000607748 -0.0820537
0.1055 -0.000615937 -0.0817248
0.1056 -0.000624093 -0.0813941
0.1057 -0.000632216 -0.0810616
0.1058 -0.000640305 -0.0807272
0.1059 -0.000648361 -0.0803909
0.106 -0.000656383 -0.0800528
0.1061 -0.000664372 -0.0797129
0.1062 -0.000672326 -0.0793712
0.1063 -0.000680246 -0.0790277
0.1064 -0.000688131 -0.0786824
0.1065 -0.000695982 -0.0783352
0.1066 -0.000703798 -0.0779863
0.1067 -0.00071158 -0.0776357
0.1068 -0.000719325 -0.0772832
0.1069 -0.000727036 -0.076929
0.107 -0.000734711 -0.0765731
0.1071 -0.000742351 -0.0762154
0.1072 -0.000749954 -0.075856
0.1073 -0.000757522 -0.0754948
0.1074 -0.000765053 -0.075132
0.1075 -0.000772548 -0.0747674
0.1076 -0.000780007 -0.0744012
0.1077 -0.000787428 -0.0740332
0.1078 -0.000794813 -0.0736636
0.1079 -0.000802161 -0.0732923
0.108 -0.000809472 -0.0729194
0.1081 -0.000816745 -0.0725448
0.1082 -0.000823981 -0.0721686
0.1083 -0.000831179 -0.0717907
0.1084 -0.000838339 -0.0714112
0.1085 -0.000845461 -0.0710301
0.1086 -0.000852545 -0.0706474
0.1087 -0.00085959 -0.0702631
0.1088 -0.000866597 -0.0698773
0.1089 -0.000873566 -0.0694898
0.109 -0.000880495 -0.0691008
0.1091 -0.000887386 -0.0687102
0.1092 -0.000894237 -0.0683181
0.1093 -0.000901049 -0.0679244
0.1094 -0.000907822 -0.0675292
0.1095 -0.000914555 -0.0671325
0.1096 -0.000921248 -0.0667343
0.1097 -0.000927902 -0.0663346
0.1098 -0.000934515 -0.0659334
0.1099 -0.000941088 -0.0655307
0.11 -0.000947621 -0.0651266
0.1101 -0.000954114 -0.064721
0.1102 -0.000960565 -0.0643139
0.1103 -0.000966976 -0.0639054
0.1104 -0.000973347 -0.0634955
0.1105 -0.000979676 -0.0630842
0.1106 -0.000985963 -0.0626714
0.1107 -0.00099221 -0.0622573
0.1108 -0.000998415 -0.0618418
0.1109 -0.00100458 -0.0614248
0.111 -0.0010107 -0.0610066
0.1111 -0.00101678 -0.0605869
0.1112 -0.00102282 -0.060166
0.1113 -0.00102881 -0.0597436
0.1114 -0.00103477 -0.05932
0.1115 -0.00104068 -0.058895
0.1116 -0.00104654 -0.0584688
0.1117 -0.00105237 -0.0580412
0.1118 -0.00105815 -0.0576124
0.1119 -0.00106389 -0.0571822
0.112 -0.00106959 -0.0567509
0.1121 -0.00107524 -0.0563182
0.1122 -0.00108085 -0.0558844
0.1123 -0.00108642 -0.0554492
0.1124 -0.00109194 -0.0550129
0.1125 -0.00109742 -0.0545754
0.1126 -0.00110286 -0.0541366
0.1127 -0.00110825 -0.0536967
0.1128 -0.0011136 -0.0532556
0.1129 -0.0011189 -0.0528134
0.113 -0.00112416 -0.0523699
0.1131 -0.00112937 -0.0519254
0.1132 -0.00113454 -0.0514797
0.1133 -0.00113967 -0.0510328
0.1134 -0.00114475 -0.0505849
0.1135 -0.00114979 -0.0501359
0.1136 -0.00115478 -0.0496857
0.1137 -0.00115972 -0.0492345
0.1138 -0.00116463 -0.0487823
0.1139 -0.00116948 -0.0483289
0.114 -0.00117429 -0.0478746
0.1141 -0.00117906 -0.0474192
0.1142 -0.00118377 -0.0469627
0.1143 -0.00118845 -0.0465053
0.1144 -0.00119308 -0.0460468
0.1145 -0.00119766 -0.0455874
0.1146 -0.00120219 -0.045127
0.1147 -0.00120668 -0.0446656
0.1148 -0.00121113 -0.0442033
0.1149 -0.00121552 -0.04374
0.115 -0.00121987 -0.0432758
0.1151 -0.00122418 -0.0428107
0.1152 -0.00122844 -0.0423447
0.1153 -0.00123265 -0.0418777
0.1154 -0.00123681 -0.0414099
0.1155 -0.00124093 -0.0409412
0.1156 -0.001245 -0.0404717
0.1157 -0.00124902 -0.0400013
0.1158 -0.001253 -0.03953
0.1159 -0.00125693 -0.0390579
0.116 -0.00126081 -0.0385851
0.1161 -0.00126465 -0.0381114
0.1162 -0.00126843 -0.0376369
0.1163 -0.00127217 -0.0371616
0.1164 -0.00127587 -0.0366856
0.1165 -0.00127951 -0.0362088
0.1166 -0.00128311 -0.0357312
0.1167 -0.00128666 -0.0352529
0.1168 -0.00129016 -0.0347739
0.1169 -0.00129361 -0.0342942
0.117 -0.00129702 -0.0338138
0.1171 -0.00130037 -0.0333327
0.1172 -0.00130368 -0.0328509
0.1173 -0.00130695 -0.0323685
0.1174 -0.00131016 -0.0318854
0.1175 -0.00131332 -0.0314017
0.1176 -0.00131644 -0.0309173
0.1177 -0.00131951 -0.0304323
0.1178 -0.00132252 -0.0299468
0.1179 -0.00132549 -0.0294606
0.118 -0.00132842 -0.0289738
0.1181 -0.00133129 -0.0284865
0.1182 -0.00133411 -0.0279987
0.1183 -0.00133689 -0.0275102
0.1184 -0.00133962 -0.0270213
0.1185 -0.00134229 -0.0265318
0.1186 -0.00134492 -0.0260419
0.1187 -0.0013475 -0.0255514
0.1188 -0.00135003 -0.0250604
0.1189 -0.00135251 -0.024569
0.119 -0.00135495 -0.0240771
0.1191 -0.00135733 -0.0235848
0.1192 -0.00135966 -0.023092
0.1193 -0.00136195 -0.0225988
0.1194 -0.00136418 -0.0221052
0.1195 -0.00136637 -0.0216112
0.1196 -0.00136851 -0.0211168
0.1197 -0.00137059 -0.0206221
0.1198 -0.00137263 -0.020127
0.1199 -0.00137462 -0.0196315
0.12 -0.00137656 -0.0191357
0.1201 -0.00137844 -0.0186396
0.1202 -0.00138028 -0.0181431
0.1203 -0.00138207 -0.0176464
0.1204 -0.00138381 -0.0171493
0.1205 -0.0013855 -0.016652
0.1206 -0.00138714 -0.0161545
0.1207 -0.00138873 -0.0156566
0.1208 -0.00139027 -0.0151586
0.1209 -0.00139177 -0.0146603
0.121 -0.00139321 -0.0141618
0.1211 -0.0013946 -0.0136631
0.1212 -0.00139594 -0.0131642
0.1213 -0.00139723 -0.0126651
0.1214 -0.00139847 -0.0121659
0.1215 -0.00139966 -0.0116665
0.1216 -0.00140081 -0.0111669
0.1217 -0.0014019 -0.0106673
0.1218 -0.00140294 -0.0101675
0.1219 -0.00140393 -0.00966762
0.122 -0.00140487 -0.00916765
0.1221 -0.00140576 -0.0086676
0.1222 -0.00140661 -0.00816749
0.1223 -0.0014074 -0.00766731
0.1224 -0.00140814 -0.0071671
0.1225 -0.00140883 -0.00666686
0.1226 -0.00140947 -0.0061666
0.1227 -0.00141006 -0.00566634
0.1228 -0.00141061 -0.00516608
0.1229 -0.0014111 -0.00466584
0.123 -0.00141154 -0.00416564
0.1231 -0.00141193 -0.00366548
0.1232 -0.00141227 -0.00316537
0.1233 -0.00141256 -0.00266534
0.1234 -0.00141281 -0.00216539
0.1235 -0.001413 -0.00166553
0.1236 -0.00141314 -0.00116578
0.1237 -0.00141323 -0.000666148
0.1238 -0.00141327 -0.000166647
0.1239 -0.00141326 0.000332711
0.124 -0.00141321 0.000831913
0.1241 -0.0014131 0.00133095
0.1242 -0.00141294 0.0018298
0.1243 -0.00141273 0.00232846
0.1244 -0.00141247 0.00282692
0.1245 -0.00141217 0.00332516
0.1246 -0.00141181 0.00382317
0.1247 -0.0014114 0.00432093
0.1248 -0.00141094 0.00481844
0.1249 -0.00141044 0.00531569
0.125 -0.00140988 0.00581266
0.1251 -0.00140928 0.00630933
0.1252 -0.00140862 0.00680571
0.1253 -0.00140791 0.00730176
0.1254 -0.00140716 0.00779749
0.1255 -0.00140635 0.00829288
0.1256 -0.0014055 0.00878792
0.1257 -0.0014046 0.00928259
0.1258 -0.00140364 0.00977688
0.1259 -0.00140264 0.0102708
0.126 -0.00140159 0.0107643
0.1261 -0.00140049 0.0112574
0.1262 -0.00139934 0.01175
0.1263 -0.00139814 0.0122423
0.1264 -0.00139689 0.0127341
0.1265 -0.00139559 0.0132254
0.1266 -0.00139424 0.0137162
0.1267 -0.00139285 0.0142066
0.1268 -0.0013914 0.0146964
0.1269 -0.00138991 0.0151858
0.127 -0.00138837 0.0156746
0.1271 -0.00138677 0.0161629
0.1272 -0.00138513 0.0166506
0.1273 -0.00138344 0.0171378
0.1274 -0.00138171 0.0176244
0.1275 -0.00137992 0.0181104
0.1276 -0.00137808 0.0185959
0.1277 -0.0013762 0.0190807
0.1278 -0.00137427 0.0195649
0.1279 -0.00137229 0.0200485
0.128 -0.00137026 0.0205314
0.1281 -0.00136818 0.0210137
0.1282 -0.00136606 0.0214953
0.1283 -0.00136388 0.0219762
0.1284 -0.00136166 0.0224565
0.1285 -0.00135939 0.022936
0.1286 -0.00135707 0.0234149
0.1287 -0.00135471 0.023893
0.1288 -0.00135229 0.0243703
0.1289 -0.00134983 0.0248469
0.129 -0.00134733 0.0253228
0.1291 -0.00134477 0.0257979
0.1292 -0.00134217 0.0262722
0.1293 -0.00133952 0.0267457
0.1294 -0.00133682 0.0272183
0.1295 -0.00133407 0.0276902
0.1296 -0.00133128 0.0281613
0.1297 -0.00132844 0.0286315
0.1298 -0.00132555 0.0291008
0.1299 -0.00132262 0.0295693
0.13 -0.00131964 0.0300369
0.1301 -0.00131661 0.0305036
0.1302 -0.00131354 0.0309694
0.1303 -0.00131042 0.0314343
0.1304 -0.00130725 0.0318982
0.1305 -0.00130404 0.0323613
0.1306 -0.00130078 0.0328233
0.1307 -0.00129747 0.0332845
0.1308 -0.00129412 0.0337446
0.1309 -0.00129072 0.0342038
0.131 -0.00128728 0.034662
0.1311 -0.00128379 0.0351192
0.1312 -0.00128026 0.0355753
0.1313 -0.00127668 0.0360305
0.1314 -0.00127305 0.0364846
0.1315 -0.00126938 0.0369376
0.1316 -0.00126566 0.0373896
0.1317 -0.0012619 0.0378405
0.1318 -0.0012581 0.0382904
0.1319 -0.00125424 0.0387391
0.132 -0.00125035 0.0391868
0.1321 -0.00124641 0.0396333
0.1322 -0.00124242 0.0400787
0.1323 -0.00123839 0.040523
0.1324 -0.00123432 0.0409661
0.1325 -0.0012302 0.041408
0.1326 -0.00122604 0.0418488
0.1327 -0.00122183 0.0422884
0.1328 -0.00121758 0.0427268
0.1329 -0.00121328 0.043164
0.133 -0.00120895 0.0436
0.1331 -0.00120456 0.0440348
0.1332 -0.00120014 0.0444683
0.1333 -0.00119567 0.0449006
0.1334 -0.00119116 0.0453316
0.1335 -0.0011866 0.0457614
0.1336 -0.00118201 0.0461899
0.1337 -0.00117737 0.0466171
0.1338 -0.00117268 0.047043
0.1339 -0.00116796 0.0474676
0.134 -0.00116319 0.0478908
0.1341 -0.00115838 0.0483128
0.1342 -0.00115353 0.0487334
0.1343 -0.00114863 0.0491526
0.1344 -0.0011437 0.0495705
0.1345 -0.00113872 0.049987
0.1346 -0.0011337 0.0504021
0.1347 -0.00112864 0.0508159
0.1348 -0.00112354 0.0512282
0.1349 -0.00111839 0.0516391
0.135 -0.00111321 0.0520486
0.1351 -0.00110798 0.0524567
0.1352 -0.00110272 0.0528633
0.1353 -0.00109741 0.0532685
0.1354 -0.00109206 0.0536722
0.1355 -0.00108668 0.0540744
0.1356 -0.00108125 0.0544752
0.1357 -0.00107578 0.0548744
0.1358 -0.00107027 0.0552722
0.1359 -0.00106473 0.0556684
0.136 -0.00105914 0.0560632
0.1361 -0.00105351 0.0564564
0.1362 -0.00104785 0.056848
0.1363 -0.00104214 0.0572381
0.1364 -0.0010364 0.0576266
0.1365 -0.00103062 0.0580136
0.1366 -0.0010248 0.058399
0.1367 -0.00101894 0.0587828
0.1368 -0.00101304 0.059165
0.1369 -0.00100711 0.0595456
0.137 -0.00100113 0.0599245
0.1371 -0.000995121 0.0603019
0.1372 -0.000989072 0.0606776
0.1373 -0.000982986 0.0610516
0.1374 -0.000976862 0.061424
0.1375 -0.000970701 0.0617948
0.1376 -0.000964503 0.0621638
0.1377 -0.000958268 0.0625312
0.1378 -0.000951997 0.0628969
0.1379 -0.000945689 0.0632609
0.138 -0.000939345 0.0636232
0.1381 -0.000932964 0.0639837
0.1382 -0.000926548 0.0643426
0.1383 -0.000920096 0.0646997
0.1384 -0.000913608 0.065055
0.1385 -0.000907085 0.0654086
0.1386 -0.000900526 0.0657605
0.1387 -0.000893933 0.0661105
0.1388 -0.000887304 0.0664588
0.1389 -0.000880641 0.0668053
0.139 -0.000873943 0.06715
0.1391 -0.000867211 0.0674929
0.1392 -0.000860445 0.067834
0.1393 -0.000853645 0.0681733
0.1394 -0.00084681 0.0685107
0.1395 -0.000839942 0.0688463
0.1396 -0.000833041 0.06918
0.1397 -0.000826106 0.0695119
0.1398 -0.000819139 0.069842
0.1399 -0.000812138 0.0701701
0.14 -0.000805105 0.0704964
0.1401 -0.000798039 0.0708208
0.1402 -0.000790941 0.0711433
0.1403 -0.00078381 0.0714639
0.1404 -0.000776648 0.0717825
0.1405 -0.000769454 0.0720993
0.1406 -0.000762228 0.0724141
0.1407 -0.000754971 0.072727
0.1408 -0.000747683 0.073038
0.1409 -0.000740364 0.073347
0.141 -0.000733014 0.073654
0.1411 -0.000725633 0.0739591
0.1412 -0.000718222 0.0742622
0.1413 -0.000710781 0.0745633
0.1414 -0.000703309 0.0748625
0.1415 -0.000695808 0.0751596
0.1416 -0.000688277 0.0754547
0.1417 -0.000680717 0.0757479
0.1418 -0.000673128 0.076039
0.1419 -0.000665509 0.0763281
0.142 -0.000657862 0.0766151
0.1421 -0.000650187 0.0769001
0.1422 -0.000642482 0.0771831
0.1423 -0.00063475 0.077464
0.1424 -0.00062699 0.0777429
0.1425 -0.000619201 0.0780197
0.1426 -0.000611386 0.0782944
0.1427 -0.000603543 0.0785671
0.1428 -0.000595672 0.0788376
0.1429 -0.000587775 0.0791061
0.143 -0.000579851 0.0793725
0.1431 -0.000571901 0.0796367
0.1432 -0.000563924 0.0798989
0.1433 -0.000555921 0.0801589
0.1434 -0.000547892 0.0804168
0.1435 -0.000539838 0.0806726
0.1436 -0.000531758 0.0809262
0.1437 -0.000523653 0.0811777
0.1438 -0.000515522 0.0814271
0.1439 -0.000507367 0.0816742
0.144 -0.000499188 0.0819193
0.1441 -0.000490983 0.0821621
0.1442 -0.000482755 0.0824028
0.1443 -0.000474503 0.0826413
0.1444 -0.000466227 0.0828776
0.1445 -0.000457928 0.0831117
0.1446 -0.000449605 0.0833437
0.1447 -0.000441259 0.0835734
0.1448 -0.00043289 0.0838009
0.1449 -0.000424499 0.0840262
0.145 -0.000416085 0.0842493
0.1451 -0.000407649 0.0844701
0.1452 -0.000399191 0.0846887
0.1453 -0.000390711 0.0849051
0.1454 -0.00038221 0.0851193
0.1455 -0.000373688 0.0853312
0.1456 -0.000365144 0.0855408
0.1457 -0.000356579 0.0857482
0.1458 -0.000347994 0.0859533
0.1459 -0.000339389 0.0861562
0.146 -0.000330763 0.0863568
0.1461 -0.000322118 0.0865551
0.1462 -0.000313452 0.0867511
0.1463 -0.000304767 0.0869449
0.1464 -0.000296063 0.0871363
0.1465 -0.00028734 0.0873255
0.1466 -0.000278598 0.0875123
0.1467 -0.000269838 0.0876969
0.1468 -0.000261059 0.0878791
0.1469 -0.000252262 0.0880591
0.147 -0.000243447 0.0882367
0.1471 -0.000234615 0.0884119
0.1472 -0.000225765 0.0885849
0.1473 -0.000216898 0.0887555
0.1474 -0.000208014 0.0889238
0.1475 -0.000199113 0.0890898
0.1476 -0.000190196 0.0892534
0.1477 -0.000181263 0.0894147
0.1478 -0.000172313 0.0895736
0.1479 -0.000163348 0.0897301
0.148 -0.000154367 0.0898843
0.1481 -0.000145371 0.0900362
0.1482 -0.00013636 0.0901856
0.1483 -0.000127334 0.0903327
0.1484 -0.000118294 0.0904774
0.1485 -0.000109239 0.0906198
0.1486 -0.00010017 0.0907598
0.1487 -9.10869e-05 0.0908973
0.1488 -8.19904e-05 0.0910325
0.1489 -7.28805e-05 0.0911653
0.149 -6.37574e-05 0.0912958
0.1491 -5.46214e-05 0.0914238
0.1492 -4.54727e-05 0.0915494
0.1493 -3.63116e-05 0.0916726
0.1494 -2.71383e-05 0.0917934
0.1495 -1.7953e-05 0.0919118
0.1496 -8.756e-06 0.0920278
0.1497 4.52475e-07 0.0921414
0.1498 9.67219e-06 0.0922525
0.1499 1.89029e-05 0.0923612
0.15 2.81444e-05 0.0924676
0.1501 3.73963e-05 0.0925714
0.1502 4.66586e-05 0.0926729
0.1503 5.59308e-05 0.0927719
0.1504 6.52129e-05 0.0928685
0.1505 7.45045e-05 0.0929627
0.1506 8.38053e-05 0.0930544
0.1507 9.31153e-05 0.0931437
0.1508 0.000102434 0.0932306
0.1509 0.000111761 0.093315
0.151 0.000121097 0.0933969
0.1511 0.000130441 0.0934764
0.1512 0.000139792 0.0935535
0.1513 0.000149151 0.0936281
0.1514 0.000158518 0.0937003
0.1515 0.000167891 0.09377
0.1516 0.000177272 0.0938372
0.1517 0.000186659 0.093902
0.1518 0.000196052 0.0939643
0.1519 0.000205451 0.0940242
0.152 0.000214857 0.0940816
0.1521 0.000224268 0.0941366
0.1522 0.000233684 0.094189
0.1523 0.000243105 0.0942391
0.1524 0.000252532 0.0942866
0.1525 0.000261963 0.0943317
0.1526 0.000271398 0.0943743
0.1527 0.000280837 0.0944145
0.1528 0.000290281 0.0944521
0.1529 0.000299728 0.0944873
0.153 0.000309178 0.0945201
0.1531 0.000318632 0.0945503
0.1532 0.000328088 0.0945781
0.1533 0.000337547 0.0946034
0.1534 0.000347009 0.0946262
0.1535 0.000356472 0.0946466
0.1536 0.000365938 0.0946645
0.1537 0.000375405 0.0946799
0.1538 0.000384874 0.0946928
0.1539 0.000394344 0.0947033
0.154 0.000403814 0.0947113
0.1541 0.000413286 0.0947168
0.1542 0.000422758 0.0947198
0.1543 0.00043223 0.0947203
0.1544 0.000441702 0.0947184
0.1545 0.000451173 0.094714
0.1546 0.000460644 0.0947071
0.1547 0.000470115 0.0946978
0.1548 0.000479584 0.094686
0.1549 0.000489052 0.0946716
0.155 0.000498518 0.0946549
0.1551 0.000507983 0.0946356
0.1552 0.000517445 0.0946139
0.1553 0.000526905 0.0945897
0.1554 0.000536363 0.094563
0.1555 0.000545818 0.0945339
0.1556 0.00055527 0.0945023
0.1557 0.000564718 0.0944682
0.1558 0.000574163 0.0944316
0.1559 0.000583604 0.0943926
0.156 0.000593042 0.0943511
0.1561 0.000602475 0.0943072
0.1562 0.000611903 0.0942607
0.1563 0.000621327 0.0942119
0.1564 0.000630745 0.0941605
0.1565 0.000640159 0.0941067
0.1566 0.000649566 0.0940505
0.1567 0.000658969 0.0939917
0.1568 0.000668365 0.0939306
0.1569 0.000677755 0.0938669
0.157 0.000687138 0.0938009
0.1571 0.000696515 0.0937323
0.1572 0.000705884 0.0936614
0.1573 0.000715247 0.0935879
0.1574 0.000724602 0.0935121
0.1575 0.000733949 0.0934338
0.1576 0.000743289 0.093353
0.1577 0.00075262 0.0932698
0.1578 0.000761943 0.0931842
0.1579 0.000771257 0.0930961
0.158 0.000780562 0.0930056
0.1581 0.000789858 0.0929127
0.1582 0.000799144 0.0928173
0.1583 0.000808421 0.0927196
0.1584 0.000817688 0.0926194
0.1585 0.000826945 0.0925168
0.1586 0.000836191 0.0924117
0.1587 0.000845427 0.0923043
0.1588 0.000854652 0.0921944
0.1589 0.000863866 0.0920821
0.159 0.000873068 0.0919675
0.1591 0.000882259 0.0918504
0.1592 0.000891438 0.0917309
0.1593 0.000900605 0.091609
0.1594 0.00090976 0.0914848
0.1595 0.000918902 0.0913581
0.1596 0.000928032 0.0912291
0.1597 0.000937148 0.0910976
0.1598 0.000946251 0.0909638
0.1599 0.000955341 0.0908276
0.16 0.000964417 0.0906891
0.1601 0.000973478 0.0905482
0.1602 0.000982526 0.0904049
0.1603 0.000991559 0.0902592
0.1604 0.00100058 0.0901112
0.1605 0.00100958 0.0899608
0.1606 0.00101857 0.0898081
0.1607 0.00102754 0.089653
0.1608 0.0010365 0.0894956
0.1609 0.00104544 0.0893359
0.161 0.00105437 0.0891738
0.1611 0.00106328 0.0890094
0.1612 0.00107217 0.0888426
0.1613 0.00108105 0.0886736
0.1614 0.0010899 0.0885022
0.1615 0.00109875 0.0883285
0.1616 0.00110757 0.0881525
0.1617 0.00111638 0.0879742
0.1618 0.00112516 0.0877936
0.1619 0.00113393 0.0876107
0.162 0.00114269 0.0874255
0.1621 0.00115142 0.087238
0.1622 0.00116013 0.0870483
0.1623 0.00116883 0.0868562
0.1624 0.00117751 0.0866619
0.1625 0.00118616 0.0864653
0.1626 0.0011948 0.0862665
0.1627 0.00120341 0.0860654
0.1628 0.00121201 0.0858621
0.1629 0.00122059 0.0856565
0.163 0.00122914 0.0854486
0.1631 0.00123768 0.0852386
0.1632 0.00124619 0.0850263
0.1633 0.00125468 0.0848117
0.1634 0.00126315 0.084595
0.1635 0.0012716 0.0843761
0.1636 0.00128003 0.0841549
0.1637 0.00128843 0.0839315
0.1638 0.00129681 0.083706
0.1639 0.00130517 0.0834782
0.164 0.00131351 0.0832483
0.1641 0.00132182 0.0830161
0.1642 0.00133011 0.0827819
0.1643 0.00133838 0.0825454
0.1644 0.00134662 0.0823068
0.1645 0.00135484 0.082066
0.1646 0.00136303 0.0818231
0.1647 0.0013712 0.081578
0.1648 0.00137935 0.0813308
0.1649 0.00138747 0.0810815
0.165 0.00139557 0.08083
0.1651 0.00140364 0.0805764
0.1652 0.00141168 0.0803207
0.1653 0.0014197 0.0800629
0.1654 0.00142769 0.079803
0.1655 0.00143566 0.079541
0.1656 0.0014436 0.079277
0.1657 0.00145152 0.0790108
0.1658 0.0014594 0.0787426
0.1659 0.00146726 0.0784723
0.166 0.0014751 0.0781999
0.1661 0.0014829 0.0779255
0.1662 0.00149068 0.0776491
0.1663 0.00149843 0.0773706
0.1664 0.00150616 0.0770901
0.1665 0.00151385 0.0768076
0.1666 0.00152152 0.076523
0.1667 0.00152916 0.0762365
0.1668 0.00153677 0.0759479
0.1669 0.00154435 0.0756573
0.167 0.0015519 0.0753648
0.1671 0.00155942 0.0750703
0.1672 0.00156691 0.0747738
0.1673 0.00157437 0.0744753
0.1674 0.00158181 0.0741749
0.1675 0.00158921 0.0738726
0.1676 0.00159658 0.0735682
0.1677 0.00160392 0.073262
0.1678 0.00161123 0.0729538
0.1679 0.00161851 0.0726438
0.168 0.00162576 0.0723318
0.1681 0.00163298 0.0720179
0.1682 0.00164017 0.0717021
0.1683 0.00164732 0.0713844
0.1684 0.00165444 0.0710648
0.1685 0.00166153 0.0707434
0.1686 0.00166859 0.0704201
0.1687 0.00167562 0.070095
0.1688 0.00168261 0.069768
0.1689 0.00168957 0.0694391
0.169 0.0016965 0.0691085
0.1691 0.00170339 0.068776
0.1692 0.00171025 0.0684417
0.1693 0.00171708 0.0681056
0.1694 0.00172387 0.0677677
0.1695 0.00173063 0.067428
0.1696 0.00173736 0.0670866
0.1697 0.00174405 0.0667433
0.1698 0.00175071 0.0663983
0.1699 0.00175733 0.0660516
0.17 0.00176392 0.0657031
0.1701 0.00177047 0.0653529
0.1702 0.00177699 0.0650009
0.1703 0.00178347 0.0646473
0.1704 0.00178992 0.0642919
0.1705 0.00179633 0.0639348
0.1706 0.00180271 0.063576
0.1707 0.00180904 0.0632156
0.1708 0.00181535 0.0628535
0.1709 0.00182162 0.0624897
0.171 0.00182785 0.0621243
0.1711 0.00183404 0.0617572
0.1712 0.0018402 0.0613885
0.1713 0.00184632 0.0610181
0.1714 0.0018524 0.0606462
0.1715 0.00185845 0.0602726
0.1716 0.00186446 0.0598974
0.1717 0.00187043 0.0595207
0.1718 0.00187636 0.0591423
0.1719 0.00188225 0.0587624
0.172 0.00188811 0.058381
0.1721 0.00189393 0.057998
0.1722 0.00189971 0.0576134
0.1723 0.00190545 0.0572273
0.1724 0.00191116 0.0568397
0.1725 0.00191682 0.0564506
0.1726 0.00192245 0.05606
0.1727 0.00192803 0.0556679
0.1728 0.00193358 0.0552743
0.1729 0.00193909 0.0548792
0.173 0.00194456 0.0544827
0.1731 0.00194998 0.0540847
0.1732 0.00195537 0.0536853
0.1733 0.00196072 0.0532845
0.1734 0.00196603 0.0528822
0.1735 0.0019713 0.0524785
0.1736 0.00197653 0.0520734
0.1737 0.00198171 0.0516669
0.1738 0.00198686 0.0512591
0.1739 0.00199196 0.0508499
0.174 0.00199703 0.0504393
0.1741 0.00200205 0.0500273
0.1742 0.00200703 0.0496141
0.1743 0.00201198 0.0491995
0.1744 0.00201687 0.0487835
0.1745 0.00202173 0.0483663
0.1746 0.00202655 0.0479478
0.1747 0.00203132 0.0475279
0.1748 0.00203605 0.0471069
0.1749 0.00204074 0.0466845
0.175 0.00204539 0.0462609
0.1751 0.00204999 0.045836
0.1752 0.00205456 0.0454099
0.1753 0.00205908 0.0449826
0.1754 0.00206355 0.0445541
0.1755 0.00206799 0.0441244
0.1756 0.00207238 0.0436934
0.1757 0.00207673 0.0432613
0.1758 0.00208103 0.0428281
0.1759 0.00208529 0.0423936
0.176 0.00208951 0.0419581
0.1761 0.00209368 0.0415214
0.1762 0.00209781 0.0410835
0.1763 0.0021019 0.0406446
0.1764 0.00210594 0.0402045
0.1765 0.00210994 0.0397634
0.1766 0.0021139 0.0393211
0.1767 0.00211781 0.0388779
0.1768 0.00212167 0.0384335
0.1769 0.00212549 0.0379881
0.177 0.00212927 0.0375417
0.1771 0.002133 0.0370942
0.1772 0.00213669 0.0366457
0.1773 0.00214033 0.0361963
0.1774 0.00214393 0.0357458
0.1775 0.00214748 0.0352943
0.1776 0.00215099 0.0348419
0.1777 0.00215445 0.0343886
0.1778 0.00215786 0.0339342
0.1779 0.00216123 0.033479
0.178 0.00216456 0.0330228
0.1781 0.00216784 0.0325657
0.1782 0.00217107 0.0321077
0.1783 0.00217426 0.0316489
0.1784 0.0021774 0.0311891
0.1785 0.0021805 0.0307285
0.1786 0.00218355 0.030267
0.1787 0.00218655 0.0298047
0.1788 0.00218951 0.0293416
0.1789 0.00219242 0.0288776
0.179 0.00219528 0.0284129
0.1791 0.0021981 0.0279473
0.1792 0.00220087 0.027481
0.1793 0.0022036 0.0270139
0.1794 0.00220628 0.026546
0.1795 0.00220891 0.0260774
0.1796 0.00221149 0.025608
0.1797 0.00221403 0.0251379
0.1798 0.00221652 0.0246672
0.1799 0.00221896 0.0241957
0.18 0.00222136 0.0237235
0.1801 0.00222371 0.0232506
0.1802 0.00222601 0.0227771
0.1803 0.00222826 0.0223029
0.1804 0.00223047 0.0218281
0.1805 0.00223263 0.0213527
0.1806 0.00223474 0.0208766
0.1807 0.0022368 0.0203999
0.1808 0.00223882 0.0199227
0.1809 0.00224079 0.0194448
0.181 0.00224271 0.0189664
0.1811 0.00224458 0.0184875
0.1812 0.00224641 0.0180079
0.1813 0.00224818 0.0175279
0.1814 0.00224991 0.0170473
0.1815 0.00225159 0.0165663
0.1816 0.00225322 0.0160847
0.1817 0.00225481 0.0156026
0.1818 0.00225634 0.0151201
0.1819 0.00225783 0.0146371
0.182 0.00225927 0.0141537
0.1821 0.00226066 0.0136698
0.1822 0.00226201 0.0131855
0.1823 0.0022633 0.0127008
0.1824 0.00226455 0.0122157
0.1825 0.00226574 0.0117302
0.1826 0.00226689 0.0112443
0.1827 0.00226799 0.0107581
0.1828 0.00226904 0.0102715
0.1829 0.00227005 0.0097846
0.183 0.002271 0.00929736
0.1831 0.00227191 0.0088098
0.1832 0.00227276 0.00832194
0.1833 0.00227357 0.00783379
0.1834 0.00227433 0.00734536
0.1835 0.00227504 0.00685667
0.1836 0.0022757 0.00636773
0.1837 0.00227631 0.00587855
0.1838 0.00227688 0.00538914
0.1839 0.00227739 0.00489951
0.184 0.00227786 0.00440968
0.1841 0.00227827 0.00391966
0.1842 0.00227864 0.00342947
0.1843 0.00227896 0.0029391
0.1844 0.00227923 0.00244859
0.1845 0.00227945 0.00195793
0.1846 0.00227962 0.00146714
0.1847 0.00227974 0.00097624
0.1848 0.00227981 0.000485232
0.1849 0.00227984 -5.86719e-06
0.185 0.00227981 -0.000497046
0.1851 0.00227974 -0.000988292
0.1852 0.00227962 -0.00147959
0.1853 0.00227944 -0.00197094
0.1854 0.00227922 -0.00246231
0.1855 0.00227895 -0.0029537
0.1856 0.00227863 -0.0034451
0.1857 0.00227826 -0.00393648
0.1858 0.00227784 -0.00442785
0.1859 0.00227738 -0.00491919
0.186 0.00227686 -0.00541048
0.1861 0.00227629 -0.00590172
0.1862 0.00227568 -0.00639289
0.1863 0.00227502 -0.00688398
0.1864 0.0022743 -0.00737497
0.1865 0.00227354 -0.00786586
0.1866 0.00227273 -0.00835663
0.1867 0.00227187 -0.00884727
0.1868 0.00227096 -0.00933776
0.1869 0.00227 -0.0098281
0.187 0.00226899 -0.0103183
0.1871 0.00226794 -0.0108083
0.1872 0.00226683 -0.0112981
0.1873 0.00226568 -0.0117877
0.1874 0.00226448 -0.012277
0.1875 0.00226322 -0.0127662
0.1876 0.00226192 -0.0132551
0.1877 0.00226057 -0.0137438
0.1878 0.00225917 -0.0142321
0.1879 0.00225773 -0.0147202
0.188 0.00225623 -0.0152081
0.1881 0.00225468 -0.0156956
0.1882 0.00225309 -0.0161828
0.1883 0.00225145 -0.0166697
0.1884 0.00224976 -0.0171562
0.1885 0.00224802 -0.0176424
0.1886 0.00224623 -0.0181282
0.1887 0.00224439 -0.0186136
0.1888 0.00224251 -0.0190987
0.1889 0.00224057 -0.0195833
0.189 0.00223859 -0.0200676
0.1891 0.00223656 -0.0205514
0.1892 0.00223448 -0.0210347
0.1893 0.00223235 -0.0215177
0.1894 0.00223017 -0.0220001
0.1895 0.00222795 -0.0224821
0.1896 0.00222568 -0.0229636
0.1897 0.00222336 -0.0234446
0.1898 0.00222099 -0.0239251
0.1899 0.00221857 -0.0244051
0.19 0.00221611 -0.0248845
0.1901 0.0022136 -0.0253634
0.1902 0.00221104 -0.0258418
0.1903 0.00220843 -0.0263195
0.1904 0.00220577 -0.0267967
0.1905 0.00220307 -0.0272733
0.1906 0.00220032 -0.0277493
0.1907 0.00219752 -0.0282246
0.1908 0.00219467 -0.0286994
0.1909 0.00219178 -0.0291734
0.191 0.00218884 -0.0296469
0.1911 0.00218585 -0.0301196
0.1912 0.00218281 -0.0305917
0.1913 0.00217973 -0.0310631
0.1914 0.0021766 -0.0315338
0.1915 0.00217342 -0.0320038
0.1916 0.0021702 -0.0324731
0.1917 0.00216693 -0.0329416
0.1918 0.00216361 -0.0334093
0.1919 0.00216025 -0.0338764
0.192 0.00215684 -0.0343426
0.1921 0.00215338 -0.034808
0.1922 0.00214988 -0.0352727
0.1923 0.00214633 -0.0357365
0.1924 0.00214273 -0.0361996
0.1925 0.00213909 -0.0366618
0.1926 0.0021354 -0.0371231
0.1927 0.00213166 -0.0375836
0.1928 0.00212788 -0.0380433
0.1929 0.00212405 -0.038502
0.193 0.00212018 -0.0389599
0.1931 0.00211626 -0.0394168
0.1932 0.0021123 -0.0398729
0.1933 0.00210829 -0.040328
0.1934 0.00210423 -0.0407822
0.1935 0.00210013 -0.0412355
0.1936 0.00209598 -0.0416878
0.1937 0.00209179 -0.0421391
0.1938 0.00208756 -0.0425894
0.1939 0.00208327 -0.0430388
0.194 0.00207895 -0.0434871
0.1941 0.00207458 -0.0439345
0.1942 0.00207016 -0.0443808
0.1943 0.0020657 -0.044826
0.1944 0.0020612 -0.0452703
0.1945 0.00205665 -0.0457134
0.1946 0.00205205 -0.0461555
0.1947 0.00204742 -0.0465965
0.1948 0.00204273 -0.0470364
0.1949 0.00203801 -0.0474752
0.195 0.00203324 -0.0479129
0.1951 0.00202843 -0.0483495
0.1952 0.00202357 -0.0487849
0.1953 0.00201867 -0.0492192
0.1954 0.00201372 -0.0496524
0.1955 0.00200874 -0.0500843
0.1956 0.00200371 -0.0505151
0.1957 0.00199863 -0.0509447
0.1958 0.00199352 -0.0513731
0.1959 0.00198836 -0.0518002
0.196 0.00198316 -0.0522262
0.1961 0.00197792 -0.0526509
0.1962 0.00197263 -0.0530744
0.1963 0.0019673 -0.0534966
0.1964 0.00196193 -0.0539175
0.1965 0.00195652 -0.0543372
0.1966 0.00195106 -0.0547556
0.1967 0.00194557 -0.0551727
0.1968 0.00194003 -0.0555884
0.1969 0.00193445 -0.0560029
0.197 0.00192883 -0.056416
0.1971 0.00192316 -0.0568278
0.1972 0.00191746 -0.0572382
0.1973 0.00191172 -0.0576473
0.1974 0.00190593 -0.058055
0.1975 0.00190011 -0.0584613
0.1976 0.00189424 -0.0588663
0.1977 0.00188833 -0.0592698
0.1978 0.00188239 -0.0596719
0.1979 0.0018764 -0.0600726
0.198 0.00187037 -0.0604719
0.1981 0.0018643 -0.0608697
0.1982 0.0018582 -0.0612661
0.1983 0.00185205 -0.061661
0.1984 0.00184587 -0.0620544
0.1985 0.00183964 -0.0624464
0.1986 0.00183338 -0.0628368
0.1987 0.00182707 -0.0632258
0.1988 0.00182073 -0.0636132
0.1989 0.00181435 -0.0639991
0.199 0.00180793 -0.0643835
0.1991 0.00180147 -0.0647664
0.1992 0.00179498 -0.0651477
0.1993 0.00178844 -0.0655275
0.1994 0.00178187 -0.0659056
0.1995 0.00177526 -0.0662822
0.1996 0.00176862 -0.0666572
0.1997 0.00176193 -0.0670307
0.1998 0.00175521 -0.0674025
0.1999 0.00174845 -0.0677726
0.2 0.00174166 -0.0681412
0.2001 0.00173482 -0.0685081
0.2002 0.00172795 -0.0688734
0.2003 0.00172105 -0.069237
0.2004 0.00171411 -0.069599
0.2005 0.00170713 -0.0699593
0.2006 0.00170012 -0.0703179
0.2007 0.00169307 -0.0706748
0.2008 0.00168598 -0.0710301
0.2009 0.00167886 -0.0713836
0.201 0.0016717 -0.0717354
0.2011 0.00166451 -0.0720855
0.2012 0.00165729 -0.0724338
0.2013 0.00165003 -0.0727804
0.2014 0.00164273 -0.0731252
0.2015 0.0016354 -0.0734683
0.2016 0.00162804 -0.0738096
0.2017 0.00162064 -0.0741492
0.2018 0.00161321 -0.0744869
0.2019 0.00160574 -0.0748229
0.202 0.00159824 -0.075157
0.2021 0.00159071 -0.0754894
0.2022 0.00158314 -0.0758199
0.2023 0.00157555 -0.0761486
0.2024 0.00156792 -0.0764754
0.2025 0.00156025 -0.0768004
0.2026 0.00155256 -0.0771236
0.2027 0.00154483 -0.0774449
0.2028 0.00153707 -0.0777643
0.2029 0.00152927 -0.0780819
0.203 0.00152145 -0.0783975
0.2031 0.00151359 -0.0787113
0.2032 0.00150571 -0.0790231
0.2033 0.00149779 -0.0793331
0.2034 0.00148984 -0.0796411
0.2035 0.00148186 -0.0799473
0.2036 0.00147385 -0.0802514
0.2037 0.00146581 -0.0805537
0.2038 0.00145774 -0.080854
0.2039 0.00144964 -0.0811523
0.204 0.00144151 -0.0814487
0.2041 0.00143335 -0.0817431
0.2042 0.00142516 -0.0820355
0.2043 0.00141694 -0.0823259
0.2044 0.0014087 -0.0826144
0.2045 0.00140042 -0.0829008
0.2046 0.00139212 -0.0831853
0.2047 0.00138378 -0.0834677
0.2048 0.00137542 -0.0837481
0.2049 0.00136703 -0.0840265
0.205 0.00135862 -0.0843028
0.2051 0.00135017 -0.0845771
0.2052 0.0013417 -0.0848494
0.2053 0.0013332 -0.0851196
0.2054 0.00132468 -0.0853877
0.2055 0.00131613 -0.0856537
0.2056 0.00130755 -0.0859177
0.2057 0.00129894 -0.0861796
0.2058 0.00129031 -0.0864394
0.2059 0.00128166 -0.0866972
0.206 0.00127297 -0.0869528
0.2061 0.00126427 -0.0872063
0.2062 0.00125553 -0.0874576
0.2063 0.00124677 -0.0877069
0.2064 0.00123799 -0.087954
0.2065 0.00122918 -0.088199
0.2066 0.00122035 -0.0884419
0.2067 0.00121149 -0.0886826
0.2068 0.00120261 -0.0889212
0.2069 0.00119371 -0.0891576
0.207 0.00118478 -0.0893918
0.2071 0.00117583 -0.0896238
0.2072 0.00116686 -0.0898537
0.2073 0.00115786 -0.0900814
0.2074 0.00114884 -0.0903069
0.2075 0.0011398 -0.0905303
0.2076 0.00113074 -0.0907514
0.2077 0.00112165 -0.0909703
0.2078 0.00111254 -0.091187
0.2079 0.00110341 -0.0914015
0.208 0.00109426 -0.0916138
0.2081 0.00108509 -0.0918238
0.2082 0.0010759 -0.0920316
0.2083 0.00106668 -0.0922372
0.2084 0.00105745 -0.0924405
0.2085 0.0010482 -0.0926416
0.2086 0.00103892 -0.0928404
0.2087 0.00102963 -0.0930369
0.2088 0.00102031 -0.0932312
0.2089 0.00101098 -0.0934233
0.209 0.00100163 -0.093613
0.2091 0.000992259 -0.0938005
0.2092 0.00098287 -0.0939857
0.2093 0.000973462 -0.0941686
0.2094 0.000964036 -0.0943492
0.2095 0.000954592 -0.0945276
0.2096 0.000945131 -0.0947036
0.2097 0.000935652 -0.0948773
0.2098 0.000926155 -0.0950487
0.2099 0.000916642 -0.0952178
0.21 0.000907112 -0.0953846
0.2101 0.000897565 -0.095549
0.2102 0.000888002 -0.0957111
0.2103 0.000878423 -0.0958709
0.2104 0.000868828 -0.0960284
0.2105 0.000859217 -0.0961835
0.2106 0.000849591 -0.0963363
0.2107 0.00083995 -0.0964867
0.2108 0.000830294 -0.0966348
0.2109 0.000820623 -0.0967805
0.211 0.000810938 -0.0969239
0.2111 0.000801239 -0.0970649
0.2112 0.000791525 -0.0972035
0.2113 0.000781798 -0.0973398
0.2114 0.000772057 -0.0974737
0.2115 0.000762303 -0.0976052
0.2116 0.000752536 -0.0977343
0.2117 0.000742756 -0.0978611
0.2118 0.000732964 -0.0979855
0.2119 0.000723159 -0.0981074
0.212 0.000713343 -0.098227
0.2121 0.000703514 -0.0983442
0.2122 0.000693674 -0.098459
0.2123 0.000683822 -0.0985714
0.2124 0.00067396 -0.0986814
0.2125 0.000664086 -0.098789
0.2126 0.000654202 -0.0988942
0.2127 0.000644307 -0.0989969
0.2128 0.000634403 -0.0990973
0.2129 0.000624488 -0.0991952
0.213 0.000614564 -0.0992907
0.2131 0.00060463 -0.0993838
0.2132 0.000594687 -0.0994745
0.2133 0.000584735 -0.0995627
0.2134 0.000574775 -0.0996485
0.2135 0.000564806 -0.0997319
0.2136 0.000554828 -0.0998129
0.2137 0.000544843 -0.0998914
0.2138 0.00053485 -0.0999674
0.2139 0.00052485 -0.100041
0.214 0.000514842 -0.100112
0.2141 0.000504827 -0.100181
0.2142 0.000494806 -0.100247
0.2143 0.000484778 -0.100311
0.2144 0.000474744 -0.100373
0.2145 0.000464704 -0.100432
0.2146 0.000454658 -0.100488
0.2147 0.000444606 -0.100542
0.2148 0.000434549 -0.100594
0.2149 0.000424487 -0.100643
0.215 0.000414421 -0.100689
0.2151 0.00040435 -0.100734
0.2152 0.000394274 -0.100775
0.2153 0.000384195 -0.100815
0.2154 0.000374111 -0.100852
0.2155 0.000364024 -0.100886
0.2156 0.000353934 -0.100918
0.2157 0.000343841 -0.100947
0.2158 0.000333745 -0.100974
0.2159 0.000323646 -0.100999
0.216 0.000313545 -0.101021
0.2161 0.000303442 -0.10104
0.2162 0.000293337 -0.101058
0.2163 0.00028323 -0.101072
0.2164 0.000273123 -0.101084
0.2165 0.000263014 -0.101094
0.2166 0.000252904 -0.101101
0.2167 0.000242793 -0.101106
0.2168 0.000232683 -0.101108
0.2169 0.000222572 -0.101108
0.217 0.000212461 -0.101106
0.2171 0.000202351 -0.101101
0.2172 0.000192241 -0.101093
0.2173 0.000182132 -0.101083
0.2174 0.000172025 -0.10107
0.2175 0.000161918 -0.101055
0.2176 0.000151814 -0.101038
0.2177 0.000141711 -0.101018
0.2178 0.00013161 -0.100996
0.2179 0.000121512 -0.100971
0.218 0.000111416 -0.100943
0.2181 0.000101323 -0.100914
0.2182 9.12334e-05 -0.100881
0.2183 8.1147e-05 -0.100847
0.2184 7.10642e-05 -0.100809
0.2185 6.09852e-05 -0.10077
0.2186 5.09103e-05 -0.100728
0.2187 4.08397e-05 -0.100683
0.2188 3.07737e-05 -0.100636
0.2189 2.07126e-05 -0.100587
0.219 1.06565e-05 -0.100535
0.2191 6.05762e-07 -0.10048
0.2192 -9.43943e-06 -0.100423
0.2193 -1.94788e-05 -0.100364
0.2194 -2.95121e-05 -0.100302
0.2195 -3.95392e-05 -0.100238
0.2196 -4.95597e-05 -0.100171
0.2197 -5.95734e-05 -0.100102
0.2198 -6.958e-05 -0.100031
0.2199 -7.95794e-05 -0.0999566
0.22 -8.95713e-05 -0.0998801
0.2201 -9.95553e-05 -0.0998012
0.2202 -0.000109531 -0.0997199
0.2203 -0.000119499 -0.0996361
0.2204 -0.000129459 -0.0995499
0.2205 -0.000139409 -0.0994612
0.2206 -0.000149351 -0.0993702
0.2207 -0.000159283 -0.0992767
0.2208 -0.000169206 -0.0991807
0.2209 -0.000179119 -0.0990824
0.221 -0.000189022 -0.0989816
0.2211 -0.000198915 -0.0988784
0.2212 -0.000208798 -0.0987728
0.2213 -0.00021867 -0.0986647
0.2214 -0.000228531 -0.0985543
0.2215 -0.000238381 -0.0984415
0.2216 -0.000248219 -0.0983262
0.2217 -0.000258046 -0.0982085
0.2218 -0.000267861 -0.0980885
0.2219 -0.000277663 -0.097966
0.222 -0.000287454 -0.0978412
0.2221 -0.000297232 -0.0977139
0.2222 -0.000306997 -0.0975843
0.2223 -0.000316748 -0.0974523
0.2224 -0.000326487 -0.0973179
0.2225 -0.000336212 -0.0971811
0.2226 -0.000345923 -0.097042
0.2227 -0.00035562 -0.0969005
0.2228 -0.000365303 -0.0967566
0.2229 -0.000374971 -0.0966103
0.223 -0.000384625 -0.0964617
0.2231 -0.000394264 -0.0963107
0.2232 -0.000403887 -0.0961574
0.2233 -0.000413495 -0.0960017
0.2234 -0.000423087 -0.0958437
0.2235 -0.000432664 -0.0956833
0.2236 -0.000442224 -0.0955206
0.2237 -0.000451768 -0.0953556
0.2238 -0.000461295 -0.0951882
0.2239 -0.000470805 -0.0950185
0.224 -0.000480299 -0.0948465
0.2241 -0.000489775 -0.0946722
0.2242 -0.000499233 -0.0944955
0.2243 -0.000508674 -0.0943166
0.2244 -0.000518096 -0.0941353
0.2245 -0.000527501 -0.0939518
0.2246 -0.000536887 -0.0937659
0.2247 -0.000546254 -0.0935778
0.2248 -0.000555602 -0.0933873
0.2249 -0.000564931 -0.0931946
0.225 -0.000574241 -0.0929996
0.2251 -0.000583531 -0.0928024
0.2252 -0.000592801 -0.0926029
0.2253 -0.000602051 -0.0924011
0.2254 -0.000611281 -0.092197
0.2255 -0.000620491 -0.0919907
0.2256 -0.000629679 -0.0917822
0.2257 -0.000638847 -0.0915714
0.2258 -0.000647994 -0.0913584
0.2259 -0.000657119 -0.0911431
0.226 -0.000666222 -0.0909256
0.2261 -0.000675304 -0.0907059
0.2262 -0.000684363 -0.090484
0.2263 -0.000693401 -0.0902599
0.2264 -0.000702415 -0.0900336
0.2265 -0.000711407 -0.089805
0.2266 -0.000720376 -0.0895743
0.2267 -0.000729322 -0.0893414
0.2268 -0.000738244 -0.0891063
0.2269 -0.000747143 -0.088869
0.227 -0.000756018 -0.0886296
0.2271 -0.000764869 -0.088388
0.2272 -0.000773696 -0.0881442
0.2273 -0.000782498 -0.0878983
0.2274 -0.000791275 -0.0876503
0.2275 -0.000800028 -0.0874001
0.2276 -0.000808755 -0.0871478
0.2277 -0.000817457 -0.0868933
0.2278 -0.000826134 -0.0866367
0.2279 -0.000834785 -0.086378
0.228 -0.000843409 -0.0861172
0.2281 -0.000852008 -0.0858543
0.2282 -0.00086058 -0.0855894
0.2283 -0.000869126 -0.0853223
0.2284 -0.000877644 -0.0850531
0.2285 -0.000886136 -0.0847819
0.2286 -0.000894601 -0.0845086
0.2287 -0.000903038 -0.0842332
0.2288 -0.000911447 -0.0839558
0.2289 -0.000919829 -0.0836763
0.229 -0.000928183 -0.0833948
0.2291 -0.000936508 -0.0831112
0.2292 -0.000944805 -0.0828257
0.2293 -0.000953073 -0.0825381
0.2294 -0.000961312 -0.0822485
0.2295 -0.000969523 -0.0819569
0.2296 -0.000977704 -0.0816633
0.2297 -0.000985855 -0.0813677
0.2298 -0.000993977 -0.0810701
0.2299 -0.00100207 -0.0807705
0.23 -0.00101013 -0.080469
0.2301 -0.00101816 -0.0801655
0.2302 -0.00102616 -0.0798601
0.2303 -0.00103413 -0.0795527
0.2304 -0.00104207 -0.0792434
0.2305 -0.00104998 -0.0789321
0.2306 -0.00105786 -0.0786189
0.2307 -0.00106571 -0.0783038
0.2308 -0.00107352 -0.0779868
0.2309 -0.0010813 -0.0776679
0.231 -0.00108906 -0.0773471
0.2311 -0.00109677 -0.0770244
0.2312 -0.00110446 -0.0766999
0.2313 -0.00111211 -0.0763735
0.2314 -0.00111973 -0.0760452
0.2315 -0.00112732 -0.075715
0.2316 -0.00113488 -0.0753831
0.2317 -0.0011424 -0.0750493
0.2318 -0.00114989 -0.0747136
0.2319 -0.00115734 -0.0743762
0.232 -0.00116476 -0.0740369
0.2321 -0.00117215 -0.0736958
0.2322 -0.0011795 -0.073353
0.2323 -0.00118682 -0.0730083
0.2324 -0.0011941 -0.0726619
0.2325 -0.00120135 -0.0723137
0.2326 -0.00120857 -0.0719638
0.2327 -0.00121574 -0.0716121
0.2328 -0.00122289 -0.0712587
0.2329 -0.00123 -0.0709035
0.233 -0.00123707 -0.0705466
0.2331 -0.00124411 -0.070188
0.2332 -0.00125111 -0.0698277
0.2333 -0.00125807 -0.0694657
0.2334 -0.001265 -0.069102
0.2335 -0.00127189 -0.0687366
0.2336 -0.00127875 -0.0683695
0.2337 -0.00128557 -0.0680008
0.2338 -0.00129235 -0.0676305
0.2339 -0.00129909 -0.0672585
0.234 -0.0013058 -0.0668848
0.2341 -0.00131247 -0.0665096
0.2342 -0.0013191 -0.0661327
0.2343 -0.00132569 -0.0657542
0.2344 -0.00133225 -0.0653742
0.2345 -0.00133877 -0.0649925
0.2346 -0.00134525 -0.0646093
0.2347 -0.00135169 -0.0642245
0.2348 -0.00135809 -0.0638381
0.2349 -0.00136446 -0.0634502
0.235 -0.00137078 -0.0630608
0.2351 -0.00137707 -0.0626698
0.2352 -0.00138332 -0.0622773
0.2353 -0.00138953 -0.0618833
0.2354 -0.0013957 -0.0614878
0.2355 -0.00140182 -0.0610908
0.2356 -0.00140791 -0.0606923
0.2357 -0.00141396 -0.0602924
0.2358 -0.00141997 -0.059891
0.2359 -0.00142594 -0.0594881
0.236 -0.00143187 -0.0590839
0.2361 -0.00143776 -0.0586781
0.2362 -0.0014436 -0.058271
0.2363 -0.00144941 -0.0578625
0.2364 -0.00145518 -0.0574525
0.2365 -0.0014609 -0.0570412
0.2366 -0.00146659 -0.0566285
0.2367 -0.00147223 -0.0562144
0.2368 -0.00147783 -0.0557989
0.2369 -0.00148339 -0.0553822
0.237 -0.0014889 -0.054964
0.2371 -0.00149438 -0.0545446
0.2372 -0.00149981 -0.0541238
0.2373 -0.0015052 -0.0537017
0.2374 -0.00151055 -0.0532784
0.2375 -0.00151586 -0.0528537
0.2376 -0.00152112 -0.0524278
0.2377 -0.00152635 -0.0520006
0.2378 -0.00153152 -0.0515721
0.2379 -0.00153666 -0.0511424
0.238 -0.00154175 -0.0507115
0.2381 -0.0015468 -0.0502794
0.2382 -0.00155181 -0.049846
0.2383 -0.00155677 -0.0494115
0.2384 -0.00156169 -0.0489757
0.2385 -0.00156657 -0.0485388
0.2386 -0.0015714 -0.0481007
0.2387 -0.00157619 -0.0476615
0.2388 -0.00158093 -0.0472211
0.2389 -0.00158563 -0.0467796
0.239 -0.00159029 -0.0463369
0.2391 -0.0015949 -0.0458932
0.2392 -0.00159947 -0.0454483
0.2393 -0.00160399 -0.0450024
0.2394 -0.00160847 -0.0445553
0.2395 -0.0016129 -0.0441072
0.2396 -0.00161729 -0.0436581
0.2397 -0.00162163 -0.0432079
0.2398 -0.00162593 -0.0427566
0.2399 -0.00163018 -0.0423044
0.24 -0.00163439 -0.0418511
0.2401 -0.00163855 -0.0413968
0.2402 -0.00164267 -0.0409416
0.2403 -0.00164674 -0.0404853
0.2404 -0.00165077 -0.0400281
0.2405 -0.00165475 -0.03957
0.2406 -0.00165868 -0.0391109
0.2407 -0.00166257 -0.0386508
0.2408 -0.00166641 -0.0381899
0.2409 -0.00167021 -0.037728
0.241 -0.00167396 -0.0372653
0.2411 -0.00167766 -0.0368016
0.2412 -0.00168132 -0.0363371
0.2413 -0.00168493 -0.0358717
0.2414 -0.00168849 -0.0354055
0.2415 -0.00169201 -0.0349384
0.2416 -0.00169548 -0.0344705
0.2417 -0.0016989 -0.0340017
0.2418 -0.00170228 -0.0335322
0.2419 -0.00170561 -0.0330619
0.242 -0.00170889 -0.0325908
0.2421 -0.00171213 -0.0321189
0.2422 -0.00171531 -0.0316463
0.2423 -0.00171846 -0.0311729
0.2424 -0.00172155 -0.0306988
0.2425 -0.0017246 -0.0302239
0.2426 -0.00172759 -0.0297484
0.2427 -0.00173054 -0.0292721
0.2428 -0.00173345 -0.0287952
0.2429 -0.0017363 -0.0283176
0.243 -0.00173911 -0.0278393
0.2431 -0.00174187 -0.0273604
0.2432 -0.00174458 -0.0268808
0.2433 -0.00174725 -0.0264006
0.2434 -0.00174986 -0.0259198
0.2435 -0.00175243 -0.0254384
0.2436 -0.00175495 -0.0249564
0.2437 -0.00175742 -0.0244738
0.2438 -0.00175985 -0.0239906
0.2439 -0.00176222 -0.0235069
0.244 -0.00176455 -0.0230227
0.2441 -0.00176683 -0.0225379
0.2442 -0.00176906 -0.0220526
0.2443 -0.00177124 -0.0215668
0.2444 -0.00177337 -0.0210805
0.2445 -0.00177545 -0.0205937
0.2446 -0.00177749 -0.0201064
0.2447 -0.00177947 -0.0196187
0.2448 -0.00178141 -0.0191305
0.2449 -0.0017833 -0.0186419
0.245 -0.00178514 -0.0181529
0.2451 -0.00178693 -0.0176634
0.2452 -0.00178867 -0.0171736
0.2453 -0.00179036 -0.0166834
0.2454 -0.00179201 -0.0161928
0.2455 -0.0017936 -0.0157018
0.2456 -0.00179515 -0.0152105
0.2457 -0.00179665 -0.0147189
0.2458 -0.00179809 -0.0142269
0.2459 -0.00179949 -0.0137346
0.246 -0.00180084 -0.0132421
0.2461 -0.00180214 -0.0127492
0.2462 -0.00180339 -0.012256
0.2463 -0.00180459 -0.0117626
0.2464 -0.00180574 -0.011269
0.2465 -0.00180684 -0.0107751
0.2466 -0.0018079 -0.0102809
0.2467 -0.0018089 -0.00978661
0.2468 -0.00180985 -0.00929207
0.2469 -0.00181076 -0.00879733
0.247 -0.00181161 -0.00830243
0.2471 -0.00181242 -0.00780735
0.2472 -0.00181318 -0.00731213
0.2473 -0.00181388 -0.00681676
0.2474 -0.00181454 -0.00632126
0.2475 -0.00181515 -0.00582565
0.2476 -0.0018157 -0.00532994
0.2477 -0.00181621 -0.00483413
0.2478 -0.00181667 -0.00433825
0.2479 -0.00181708 -0.0038423
0.248 -0.00181744 -0.0033463
0.2481 -0.00181775 -0.00285025
0.2482 -0.00181801 -0.00235417
0.2483 -0.00181822 -0.00185808
0.2484 -0.00181838 -0.00136199
0.2485 -0.00181849 -0.000865899
0.2486 -0.00181855 -0.000369831
0.2487 -0.00181857 0.000126204
0.2488 -0.00181853 0.000622195
0.2489 -0.00181844 0.00111813
0.249 -0.00181831 0.00161399
0.2491 -0.00181812 0.00210977
0.2492 -0.00181788 0.00260546
0.2493 -0.0018176 0.00310104
0.2494 -0.00181726 0.0035965
0.2495 -0.00181688 0.00409183
0.2496 -0.00181644 0.00458702
0.2497 -0.00181596 0.00508205
0.2498 -0.00181543 0.00557691
0.2499 -0.00181485 0.00607159
0.25 -0.00181421 0.00656608
0.2501 -0.00181353 0.00706036
0.2502 -0.0018128 0.00755442
0.2503 -0.00181202 0.00804826
0.2504 -0.00181119 0.00854185
0.2505 -0.00181031 0.00903519
0.2506 -0.00180939 0.00952826
0.2507 -0.00180841 0.0100211
0.2508 -0.00180738 0.0105136
0.2509 -0.0018063 0.0110057
0.251 -0.00180518 0.0114976
0.2511 -0.00180401 0.0119892
0.2512 -0.00180278 0.0124804
0.2513 -0.00180151 0.0129712
