0 0 0
0.0001 1.94999e-09 5.80488e-05
0.0002 1.52285e-08 0.000224752
0.0003 5.01734e-08 0.00048973
0.0004 1.16134e-07 0.000843564
0.0005 2.21561e-07 0.00127771
0.0006 3.74091e-07 0.0017844
0.0007 5.80622e-07 0.0023566
0.0008 8.4738e-07 0.00298791
0.0009 1.17998e-06 0.00367253
0.001 1.58349e-06 0.00440518
0.0011 2.06246e-06 0.00518105
0.0012 2.62099e-06 0.0059958
0.0013 3.26278e-06 0.00684545
0.0014 3.99112e-06 0.0077264
0.0015 4.80899e-06 0.00863536
0.0016 5.71903e-06 0.00956935
0.0017 6.7236e-06 0.0105256
0.0018 7.82481e-06 0.0115017
0.0019 9.02453e-06 0.0124954
0.002 1.03244e-05 0.0135046
0.0021 1.17259e-05 0.0145273
0.0022 1.32303e-05 0.0155619
0.0023 1.48386e-05 0.0166068
0.0024 1.65519e-05 0.0176606
0.0025 1.8371e-05 0.0187219
0.0026 2.02965e-05 0.0197895
0.0027 2.23291e-05 0.0208623
0.0028 2.44691e-05 0.0219393
0.0029 2.6717e-05 0.0230195
0.003 2.90731e-05 0.024102
0.0031 3.15375e-05 0.0251861
0.0032 3.41103e-05 0.0262711
0.0033 3.67917e-05 0.0273561
0.0034 3.95816e-05 0.0284407
0.0035 4.24798e-05 0.0295241
0.0036 4.54863e-05 0.0306059
0.0037 4.86009e-05 0.0316856
0.0038 5.18233e-05 0.0327626
0.0039 5.51533e-05 0.0338365
0.004 5.85905e-05 0.0349069
0.0041 6.21346e-05 0.0359734
0.0042 6.57851e-05 0.0370356
0.0043 6.95415e-05 0.0380932
0.0044 7.34035e-05 0.0391459
0.0045 7.73705e-05 0.0401933
0.0046 8.1442e-05 0.0412351
0.0047 8.56174e-05 0.0422711
0.0048 8.9896e-05 0.043301
0.0049 9.42773e-05 0.0443245
0.005 9.87607e-05 0.0453414
0.0051 0.000103345 0.0463515
0.0052 0.000108031 0.0473545
0.0053 0.000112816 0.0483502
0.0054 0.000117701 0.0493384
0.0055 0.000122683 0.0503189
0.0056 0.000127764 0.0512915
0.0057 0.000132941 0.052256
0.0058 0.000138215 0.0532123
0.0059 0.000143584 0.0541602
0.006 0.000149047 0.0550994
0.0061 0.000154603 0.0560298
0.0062 0.000160252 0.0569513
0.0063 0.000165993 0.0578637
0.0064 0.000171825 0.0587669
0.0065 0.000177746 0.0596606
0.0066 0.000183757 0.0605448
0.0067 0.000189855 0.0614193
0.0068 0.00019604 0.0622839
0.0069 0.000202311 0.0631386
0.007 0.000208668 0.0639831
0.0071 0.000215108 0.0648174
0.0072 0.000221631 0.0656414
0.0073 0.000228236 0.0664548
0.0074 0.000234921 0.0672576
0.0075 0.000241687 0.0680496
0.0076 0.000248531 0.0688308
0.0077 0.000255453 0.069601
0.0078 0.000262451 0.07036
0.0079 0.000269524 0.0711079
0.008 0.000276672 0.0718444
0.0081 0.000283893 0.0725694
0.0082 0.000291185 0.073283
0.0083 0.000298549 0.0739848
0.0084 0.000305982 0.0746749
0.0085 0.000313483 0.0753532
0.0086 0.000321052 0.0760194
0.0087 0.000328687 0.0766737
0.0088 0.000336387 0.0773158
0.0089 0.00034415 0.0779456
0.009 0.000351975 0.0785631
0.0091 0.000359862 0.0791681
0.0092 0.000367808 0.0797607
0.0093 0.000375814 0.0803407
0.0094 0.000383876 0.0809079
0.0095 0.000391995 0.0814624
0.0096 0.000400168 0.0820041
0.0097 0.000408395 0.0825328
0.0098 0.000416674 0.0830486
0.0099 0.000425004 0.0835512
0.01 0.000433384 0.0840408
0.0101 0.000441812 0.0845171
0.0102 0.000450287 0.0849801
0.0103 0.000458808 0.0854298
0.0104 0.000467373 0.0858661
0.0105 0.00047598 0.0862889
0.0106 0.00048463 0.0866981
0.0107 0.00049332 0.0870938
0.0108 0.000502048 0.0874758
0.0109 0.000510814 0.0878441
0.011 0.000519617 0.0881987
0.0111 0.000528454 0.0885394
0.0112 0.000537324 0.0888663
0.0113 0.000546226 0.0891793
0.0114 0.000555159 0.0894784
0.0115 0.000564122 0.0897635
0.0116 0.000573112 0.0900345
0.0117 0.000582128 0.0902915
0.0118 0.000591169 0.0905344
0.0119 0.000600234 0.0907631
0.012 0.000609322 0.0909777
0.0121 0.00061843 0.0911781
0.0122 0.000627557 0.0913643
0.0123 0.000636702 0.0915362
0.0124 0.000645864 0.0916938
0.0125 0.00065504 0.0918372
0.0126 0.000664231 0.0919662
0.0127 0.000673433 0.0920809
0.0128 0.000682646 0.0921813
0.0129 0.000691869 0.0922672
0.013 0.000701099 0.0923389
0.0131 0.000710336 0.0923961
0.0132 0.000719578 0.092439
0.0133 0.000728823 0.0924674
0.0134 0.000738071 0.0924815
0.0135 0.000747319 0.0924811
0.0136 0.000756567 0.0924664
0.0137 0.000765812 0.0924373
0.0138 0.000775054 0.0923938
0.0139 0.00078429 0.0923359
0.014 0.00079352 0.0922636
0.0141 0.000802742 0.092177
0.0142 0.000811955 0.092076
0.0143 0.000821157 0.0919607
0.0144 0.000830347 0.0918311
0.0145 0.000839523 0.0916872
0.0146 0.000848684 0.091529
0.0147 0.000857828 0.0913566
0.0148 0.000866955 0.0911699
0.0149 0.000876062 0.0909691
0.015 0.000885148 0.0907541
0.0151 0.000894212 0.0905249
0.0152 0.000903253 0.0902817
0.0153 0.000912268 0.0900244
0.0154 0.000921257 0.0897531
0.0155 0.000930218 0.0894678
0.0156 0.00093915 0.0891685
0.0157 0.000948051 0.0888554
0.0158 0.000956921 0.0885284
0.0159 0.000965757 0.0881876
0.016 0.000974558 0.087833
0.0161 0.000983323 0.0874648
0.0162 0.00099205 0.0870829
0.0163 0.00100074 0.0866874
0.0164 0.00100939 0.0862784
0.0165 0.00101799 0.0858559
0.0166 0.00102656 0.08542
0.0167 0.00103508 0.0849708
0.0168 0.00104355 0.0845082
0.0169 0.00105198 0.0840325
0.017 0.00106036 0.0835436
0.0171 0.00106869 0.0830417
0.0172 0.00107697 0.0825267
0.0173 0.00108519 0.0819988
0.0174 0.00109337 0.0814581
0.0175 0.00110148 0.0809046
0.0176 0.00110955 0.0803384
0.0177 0.00111755 0.0797596
0.0178 0.0011255 0.0791683
0.0179 0.00113338 0.0785646
0.018 0.00114121 0.0779485
0.0181 0.00114897 0.0773202
0.0182 0.00115667 0.0766797
0.0183 0.00116431 0.0760271
0.0184 0.00117188 0.0753625
0.0185 0.00117938 0.0746861
0.0186 0.00118682 0.0739979
0.0187 0.00119418 0.073298
0.0188 0.00120147 0.0725865
0.0189 0.0012087 0.0718636
0.019 0.00121585 0.0711293
0.0191 0.00122292 0.0703837
0.0192 0.00122992 0.069627
0.0193 0.00123685 0.0688592
0.0194 0.00124369 0.0680805
0.0195 0.00125046 0.0672909
0.0196 0.00125715 0.0664907
0.0197 0.00126376 0.0656799
0.0198 0.00127029 0.0648585
0.0199 0.00127673 0.0640269
0.02 0.00128309 0.063185
0.0201 0.00128937 0.062333
0.0202 0.00129556 0.061471
0.0203 0.00130166 0.0605992
0.0204 0.00130768 0.0597176
0.0205 0.00131361 0.0588264
0.0206 0.00131944 0.0579258
0.0207 0.00132519 0.0570158
0.0208 0.00133085 0.0560965
0.0209 0.00133641 0.0551682
0.021 0.00134188 0.054231
0.0211 0.00134726 0.0532849
0.0212 0.00135254 0.0523302
0.0213 0.00135772 0.051367
0.0214 0.00136281 0.0503953
0.0215 0.0013678 0.0494154
0.0216 0.00137269 0.0484274
0.0217 0.00137749 0.0474314
0.0218 0.00138218 0.0464276
0.0219 0.00138677 0.0454161
0.022 0.00139126 0.044397
0.0221 0.00139565 0.0433706
0.0222 0.00139994 0.042337
0.0223 0.00140412 0.0412963
0.0224 0.00140819 0.0402486
0.0225 0.00141217 0.0391942
0.0226 0.00141603 0.0381331
0.0227 0.00141979 0.0370655
0.0228 0.00142345 0.0359917
0.0229 0.00142699 0.0349116
0.023 0.00143043 0.0338256
0.0231 0.00143376 0.0327337
0.0232 0.00143697 0.0316361
0.0233 0.00144008 0.030533
0.0234 0.00144308 0.0294245
0.0235 0.00144597 0.0283108
0.0236 0.00144874 0.027192
0.0237 0.00145141 0.0260684
0.0238 0.00145396 0.02494
0.0239 0.00145639 0.023807
0.024 0.00145872 0.0226697
0.0241 0.00146093 0.0215281
0.0242 0.00146302 0.0203824
0.0243 0.001465 0.0192329
0.0244 0.00146687 0.0180796
0.0245 0.00146862 0.0169227
0.0246 0.00147025 0.0157625
0.0247 0.00147177 0.014599
0.0248 0.00147317 0.0134324
0.0249 0.00147446 0.0122629
0.025 0.00147563 0.0110907
0.0251 0.00147668 0.00991599
0.0252 0.00147761 0.00873885
0.0253 0.00147842 0.00755949
0.0254 0.00147912 0.00637809
0.0255 0.0014797 0.00519481
0.0256 0.00148016 0.00400983
0.0257 0.0014805 0.00282331
0.0258 0.00148072 0.00163543
0.0259 0.00148083 0.000446369
0.026 0.00148081 -0.000743713
0.0261 0.00148068 -0.00193464
0.0262 0.00148043 -0.00312624
0.0263 0.00148005 -0.00431834
0.0264 0.00147956 -0.00551076
0.0265 0.00147895 -0.00670334
0.0266 0.00147822 -0.0078959
0.0267 0.00147737 -0.00908827
0.0268 0.00147641 -0.0102803
0.0269 0.00147532 -0.0114717
0.027 0.00147411 -0.0126625
0.0271 0.00147278 -0.0138524
0.0272 0.00147134 -0.0150412
0.0273 0.00146978 -0.0162288
0.0274 0.00146809 -0.017415
0.0275 0.00146629 -0.0185996
0.0276 0.00146437 -0.0197825
0.0277 0.00146234 -0.0209635
0.0278 0.00146018 -0.0221424
0.0279 0.00145791 -0.023319
0.028 0.00145552 -0.0244932
0.0281 0.00145301 -0.0256649
0.0282 0.00145039 -0.0268337
0.0283 0.00144764 -0.0279996
0.0284 0.00144479 -0.0291625
0.0285 0.00144181 -0.030322
0.0286 0.00143872 -0.0314781
0.0287 0.00143552 -0.0326306
0.0288 0.0014322 -0.0337794
0.0289 0.00142876 -0.0349241
0.029 0.00142521 -0.0360648
0.0291 0.00142155 -0.0372012
0.0292 0.00141777 -0.0383332
0.0293 0.00141388 -0.0394606
0.0294 0.00140988 -0.0405832
0.0295 0.00140576 -0.0417009
0.0296 0.00140154 -0.0428135
0.0297 0.0013972 -0.0439209
0.0298 0.00139275 -0.0450229
0.0299 0.0013882 -0.0461192
0.03 0.00138353 -0.0472099
0.0301 0.00137876 -0.0482947
0.0302 0.00137387 -0.0493734
0.0303 0.00136888 -0.050446
0.0304 0.00136378 -0.0515121
0.0305 0.00135858 -0.0525718
0.0306 0.00135327 -0.0536248
0.0307 0.00134785 -0.054671
0.0308 0.00134234 -0.0557103
0.0309 0.00133671 -0.0567424
0.031 0.00133099 -0.0577672
0.0311 0.00132516 -0.0587847
0.0312 0.00131923 -0.0597946
0.0313 0.0013132 -0.0607967
0.0314 0.00130707 -0.0617911
0.0315 0.00130084 -0.0627774
0.0316 0.00129452 -0.0637556
0.0317 0.00128809 -0.0647255
0.0318 0.00128157 -0.0656869
0.0319 0.00127495 -0.0666399
0.032 0.00126824 -0.0675841
0.0321 0.00126144 -0.0685195
0.0322 0.00125454 -0.0694459
0.0323 0.00124755 -0.0703632
0.0324 0.00124047 -0.0712712
0.0325 0.0012333 -0.0721699
0.0326 0.00122603 -0.0730591
0.0327 0.00121868 -0.0739387
0.0328 0.00121125 -0.0748085
0.0329 0.00120372 -0.0756684
0.033 0.00119611 -0.0765183
0.0331 0.00118842 -0.0773581
0.0332 0.00118064 -0.0781876
0.0333 0.00117278 -0.0790068
0.0334 0.00116484 -0.0798154
0.0335 0.00115682 -0.0806135
0.0336 0.00114872 -0.0814008
0.0337 0.00114054 -0.0821773
0.0338 0.00113228 -0.0829428
0.0339 0.00112395 -0.0836973
0.034 0.00111554 -0.0844406
0.0341 0.00110706 -0.0851726
0.0342 0.00109851 -0.0858932
0.0343 0.00108989 -0.0866023
0.0344 0.00108119 -0.0872998
0.0345 0.00107243 -0.0879857
0.0346 0.00106359 -0.0886597
0.0347 0.00105469 -0.0893219
0.0348 0.00104573 -0.089972
0.0349 0.0010367 -0.0906101
0.035 0.00102761 -0.091236
0.0351 0.00101845 -0.0918496
0.0352 0.00100924 -0.0924508
0.0353 0.000999964 -0.0930397
0.0354 0.000990631 -0.0936159
0.0355 0.000981241 -0.0941796
0.0356 0.000971795 -0.0947306
0.0357 0.000962295 -0.0952688
0.0358 0.000952742 -0.0957941
0.0359 0.000943137 -0.0963065
0.036 0.000933481 -0.0968059
0.0361 0.000923776 -0.0972922
0.0362 0.000914023 -0.0977654
0.0363 0.000904223 -0.0982254
0.0364 0.000894378 -0.098672
0.0365 0.000884489 -0.0991053
0.0366 0.000874558 -0.0995252
0.0367 0.000864585 -0.0999316
0.0368 0.000854572 -0.100325
0.0369 0.00084452 -0.100704
0.037 0.000834432 -0.101069
0.0371 0.000824307 -0.101421
0.0372 0.000814148 -0.10176
0.0373 0.000803955 -0.102084
0.0374 0.000793731 -0.102394
0.0375 0.000783477 -0.102691
0.0376 0.000773194 -0.102974
0.0377 0.000762883 -0.103242
0.0378 0.000752546 -0.103497
0.0379 0.000742184 -0.103738
0.038 0.000731799 -0.103964
0.0381 0.000721391 -0.104177
0.0382 0.000710964 -0.104375
0.0383 0.000700517 -0.104559
0.0384 0.000690052 -0.104729
0.0385 0.000679572 -0.104885
0.0386 0.000669076 -0.105026
0.0387 0.000658567 -0.105153
0.0388 0.000648046 -0.105266
0.0389 0.000637514 -0.105364
0.039 0.000626973 -0.105448
0.0391 0.000616425 -0.105518
0.0392 0.00060587 -0.105573
0.0393 0.000595311 -0.105614
0.0394 0.000584748 -0.105641
0.0395 0.000574183 -0.105653
0.0396 0.000563618 -0.105651
0.0397 0.000553053 -0.105634
0.0398 0.000542491 -0.105604
0.0399 0.000531933 -0.105558
0.04 0.00052138 -0.105499
0.0401 0.000510834 -0.105425
0.0402 0.000500296 -0.105336
0.0403 0.000489767 -0.105234
0.0404 0.00047925 -0.105116
0.0405 0.000468744 -0.104985
0.0406 0.000458253 -0.104839
0.0407 0.000447777 -0.10468
0.0408 0.000437318 -0.104505
0.0409 0.000426876 -0.104317
0.041 0.000416455 -0.104114
0.0411 0.000406054 -0.103897
0.0412 0.000395676 -0.103667
0.0413 0.000385321 -0.103422
0.0414 0.000374992 -0.103162
0.0415 0.000364689 -0.102889
0.0416 0.000354414 -0.102602
0.0417 0.000344169 -0.102301
0.0418 0.000333955 -0.101986
0.0419 0.000323772 -0.101657
0.042 0.000313624 -0.101314
0.0421 0.00030351 -0.100958
0.0422 0.000293433 -0.100587
0.0423 0.000283393 -0.100203
0.0424 0.000273392 -0.0998059
0.0425 0.000263432 -0.0993947
0.0426 0.000253514 -0.0989701
0.0427 0.000243639 -0.098532
0.0428 0.000233808 -0.0980805
0.0429 0.000224023 -0.0976157
0.043 0.000214285 -0.0971377
0.0431 0.000204596 -0.0966465
0.0432 0.000194956 -0.0961421
0.0433 0.000185368 -0.0956247
0.0434 0.000175832 -0.0950944
0.0435 0.00016635 -0.0945511
0.0436 0.000156922 -0.093995
0.0437 0.000147551 -0.0934262
0.0438 0.000138237 -0.0928448
0.0439 0.000128982 -0.0922507
0.044 0.000119788 -0.0916442
0.0441 0.000110654 -0.0910252
0.0442 0.000101583 -0.090394
0.0443 9.25757e-05 -0.0897505
0.0444 8.36333e-05 -0.0890949
0.0445 7.47571e-05 -0.0884272
0.0446 6.59482e-05 -0.0877476
0.0447 5.7208e-05 -0.0870562
0.0448 4.85374e-05 -0.086353
0.0449 3.99377e-05 -0.0856382
0.045 3.14101e-05 -0.0849118
0.0451 2.29558e-05 -0.084174
0.0452 1.45757e-05 -0.0834248
0.0453 6.27118e-06 -0.0826644
0.0454 -1.95678e-06 -0.0818929
0.0455 -1.0107e-05 -0.0811104
0.0456 -1.81785e-05 -0.0803169
0.0457 -2.61701e-05 -0.0795127
0.0458 -3.40807e-05 -0.0786979
0.0459 -4.19093e-05 -0.0778724
0.046 -4.96548e-05 -0.0770366
0.0461 -5.73162e-05 -0.0761904
0.0462 -6.48926e-05 -0.075334
0.0463 -7.23827e-05 -0.0744676
0.0464 -7.97857e-05 -0.0735912
0.0465 -8.71006e-05 -0.0727049
0.0466 -9.43264e-05 -0.071809
0.0467 -0.000101462 -0.0709035
0.0468 -0.000108507 -0.0699886
0.0469 -0.00011546 -0.0690644
0.047 -0.000122319 -0.068131
0.0471 -0.000129085 -0.0671885
0.0472 -0.000135757 -0.0662372
0.0473 -0.000142333 -0.0652771
0.0474 -0.000148812 -0.0643083
0.0475 -0.000155194 -0.0633311
0.0476 -0.000161478 -0.0623455
0.0477 -0.000167663 -0.0613517
0.0478 -0.000173748 -0.0603498
0.0479 -0.000179732 -0.05934
0.048 -0.000185616 -0.0583224
0.0481 -0.000191397 -0.0572972
0.0482 -0.000197075 -0.0562644
0.0483 -0.000202649 -0.0552244
0.0484 -0.000208119 -0.0541771
0.0485 -0.000213485 -0.0531228
0.0486 -0.000218744 -0.0520616
0.0487 -0.000223897 -0.0509937
0.0488 -0.000228942 -0.0499192
0.0489 -0.00023388 -0.0488383
0.049 -0.00023871 -0.047751
0.0491 -0.00024343 -0.0466577
0.0492 -0.000248041 -0.0455584
0.0493 -0.000252542 -0.0444533
0.0494 -0.000256932 -0.0433425
0.0495 -0.00026121 -0.0422262
0.0496 -0.000265377 -0.0411046
0.0497 -0.000269431 -0.0399779
0.0498 -0.000273372 -0.0388461
0.0499 -0.0002772 -0.0377095
0.05 -0.000280914 -0.0365682
0.0501 -0.000284513 -0.0354224
0.0502 -0.000287998 -0.0342722
0.0503 -0.000291368 -0.0331179
0.0504 -0.000294622 -0.0319595
0.0505 -0.000297759 -0.0307973
0.0506 -0.000300781 -0.0296313
0.0507 -0.000303686 -0.0284619
0.0508 -0.000306473 -0.027289
0.0509 -0.000309143 -0.026113
0.051 -0.000311696 -0.024934
0.0511 -0.00031413 -0.0237521
0.0512 -0.000316446 -0.0225676
0.0513 -0.000318643 -0.0213805
0.0514 -0.000320722 -0.0201911
0.0515 -0.000322682 -0.0189995
0.0516 -0.000324522 -0.0178059
0.0517 -0.000326243 -0.0166105
0.0518 -0.000327844 -0.0154135
0.0519 -0.000329325 -0.0142149
0.052 -0.000330687 -0.013015
0.0521 -0.000331928 -0.011814
0.0522 -0.00033305 -0.010612
0.0523 -0.000334051 -0.00940925
0.0524 -0.000334931 -0.00820585
0.0525 -0.000335692 -0.00700198
0.0526 -0.000336332 -0.00579784
0.0527 -0.000336851 -0.0045936
0.0528 -0.000337251 -0.00338941
0.0529 -0.000337529 -0.00218547
0.053 -0.000337688 -0.000981932
0.0531 -0.000337726 0.000221021
0.0532 -0.000337643 0.00142322
0.0533 -0.000337441 0.00262449
0.0534 -0.000337119 0.00382466
0.0535 -0.000336676 0.00502355
0.0536 -0.000336114 0.00622101
0.0537 -0.000335432 0.00741684
0.0538 -0.000334631 0.00861089
0.0539 -0.00033371 0.00980298
0.054 -0.00033267 0.0109929
0.0541 -0.000331511 0.0121806
0.0542 -0.000330234 0.0133658
0.0543 -0.000328838 0.0145484
0.0544 -0.000327325 0.0157281
0.0545 -0.000325693 0.0169049
0.0546 -0.000323944 0.0180785
0.0547 -0.000322077 0.0192488
0.0548 -0.000320094 0.0204156
0.0549 -0.000317994 0.0215788
0.055 -0.000315778 0.0227381
0.0551 -0.000313447 0.0238935
0.0552 -0.000311 0.0250447
0.0553 -0.000308438 0.0261916
0.0554 -0.000305762 0.027334
0.0555 -0.000302971 0.0284718
0.0556 -0.000300067 0.0296047
0.0557 -0.000297051 0.0307327
0.0558 -0.000293921 0.0318556
0.0559 -0.00029068 0.0329732
0.056 -0.000287327 0.0340853
0.0561 -0.000283863 0.0351918
0.0562 -0.000280288 0.0362926
0.0563 -0.000276604 0.0373874
0.0564 -0.000272811 0.0384761
0.0565 -0.000268909 0.0395586
0.0566 -0.0002649 0.0406347
0.0567 -0.000260783 0.0417043
0.0568 -0.000256559 0.0427671
0.0569 -0.000252229 0.0438231
0.057 -0.000247795 0.0448721
0.0571 -0.000243255 0.0459139
0.0572 -0.000238612 0.0469485
0.0573 -0.000233866 0.0479755
0.0574 -0.000229017 0.048995
0.0575 -0.000224067 0.0500067
0.0576 -0.000219016 0.0510105
0.0577 -0.000213865 0.0520063
0.0578 -0.000208615 0.0529939
0.0579 -0.000203267 0.0539732
0.058 -0.000197821 0.054944
0.0581 -0.000192278 0.0559063
0.0582 -0.00018664 0.0568597
0.0583 -0.000180907 0.0578044
0.0584 -0.000175079 0.05874
0.0585 -0.000169159 0.0596664
0.0586 -0.000163146 0.0605836
0.0587 -0.000157043 0.0614914
0.0588 -0.000150848 0.0623896
0.0589 -0.000144565 0.0632782
0.059 -0.000138193 0.0641569
0.0591 -0.000131734 0.0650258
0.0592 -0.000125188 0.0658846
0.0593 -0.000118557 0.0667332
0.0594 -0.000111842 0.0675716
0.0595 -0.000105043 0.0683995
0.0596 -9.81624e-05 0.0692169
0.0597 -9.12003e-05 0.0700237
0.0598 -8.4158e-05 0.0708197
0.0599 -7.70367e-05 0.0716048
0.06 -6.98374e-05 0.072379
0.0601 -6.25613e-05 0.073142
0.0602 -5.52094e-05 0.0738939
0.0603 -4.77829e-05 0.0746344
0.0604 -4.02829e-05 0.0753635
0.0605 -3.27105e-05 0.0760811
0.0606 -2.5067e-05 0.0767871
0.0607 -1.73535e-05 0.0774813
0.0608 -9.57117e-06 0.0781637
0.0609 -1.72118e-06 0.0788342
0.061 6.19526e-06 0.0794926
0.0611 1.41769e-05 0.080139
0.0612 2.22227e-05 0.0807731
0.0613 3.03312e-05 0.0813949
0.0614 3.85012e-05 0.0820044
0.0615 4.67316e-05 0.0826014
0.0616 5.50211e-05 0.0831858
0.0617 6.33684e-05 0.0837576
0.0618 7.17722e-05 0.0843166
0.0619 8.02313e-05 0.0848629
0.062 8.87443e-05 0.0853962
0.0621 9.73101e-05 0.0859166
0.0622 0.000105927 0.086424
0.0623 0.000114594 0.0869183
0.0624 0.00012331 0.0873994
0.0625 0.000132074 0.0878672
0.0626 0.000140883 0.0883218
0.0627 0.000149738 0.0887629
0.0628 0.000158636 0.0891906
0.0629 0.000167575 0.0896049
0.063 0.000176556 0.0900055
0.0631 0.000185576 0.0903926
0.0632 0.000194634 0.090766
0.0633 0.000203729 0.0911256
0.0634 0.000212859 0.0914715
0.0635 0.000222023 0.0918036
0.0636 0.000231219 0.0921217
0.0637 0.000240447 0.092426
0.0638 0.000249704 0.0927163
0.0639 0.000258989 0.0929926
0.064 0.000268302 0.0932549
0.0641 0.00027764 0.0935031
0.0642 0.000287002 0.0937372
0.0643 0.000296387 0.0939571
0.0644 0.000305793 0.0941629
0.0645 0.000315219 0.0943545
0.0646 0.000324663 0.0945318
0.0647 0.000334125 0.0946949
0.0648 0.000343602 0.0948436
0.0649 0.000353093 0.0949781
0.065 0.000362597 0.0950983
0.0651 0.000372112 0.0952041
0.0652 0.000381637 0.0952956
0.0653 0.000391171 0.0953727
0.0654 0.000400711 0.0954355
0.0655 0.000410258 0.0954839
0.0656 0.000419808 0.0955178
0.0657 0.000429361 0.0955374
0.0658 0.000438915 0.0955426
0.0659 0.000448469 0.0955334
0.066 0.000458021 0.0955098
0.0661 0.00046757 0.0954718
0.0662 0.000477115 0.0954195
0.0663 0.000486654 0.0953527
0.0664 0.000496185 0.0952716
0.0665 0.000505707 0.0951762
0.0666 0.00051522 0.0950664
0.0667 0.00052472 0.0949423
0.0668 0.000534208 0.0948039
0.0669 0.000543681 0.0946512
0.067 0.000553137 0.0944842
0.0671 0.000562577 0.094303
0.0672 0.000571998 0.0941076
0.0673 0.000581398 0.0938981
0.0674 0.000590777 0.0936743
0.0675 0.000600132 0.0934365
0.0676 0.000609464 0.0931846
0.0677 0.000618769 0.0929186
0.0678 0.000628047 0.0926387
0.0679 0.000637296 0.0923447
0.068 0.000646515 0.0920369
0.0681 0.000655703 0.0917151
0.0682 0.000664858 0.0913796
0.0683 0.000673978 0.0910303
0.0684 0.000683063 0.0906672
0.0685 0.000692111 0.0902905
0.0686 0.000701121 0.0899001
0.0687 0.000710091 0.0894962
0.0688 0.00071902 0.0890787
0.0689 0.000727906 0.0886479
0.069 0.000736749 0.0882036
0.0691 0.000745547 0.087746
0.0692 0.000754298 0.0872752
0.0693 0.000763001 0.0867912
0.0694 0.000771656 0.0862941
0.0695 0.00078026 0.0857839
0.0696 0.000788812 0.0852608
0.0697 0.000797311 0.0847248
0.0698 0.000805756 0.084176
0.0699 0.000814146 0.0836144
0.07 0.000822479 0.0830402
0.0701 0.000830754 0.0824534
0.0702 0.000838969 0.0818541
0.0703 0.000847124 0.0812425
0.0704 0.000855217 0.0806185
0.0705 0.000863247 0.0799823
0.0706 0.000871213 0.079334
0.0707 0.000879114 0.0786737
0.0708 0.000886948 0.0780014
0.0709 0.000894714 0.0773173
0.071 0.000902411 0.0766215
0.0711 0.000910038 0.075914
0.0712 0.000917593 0.075195
0.0713 0.000925076 0.0744645
0.0714 0.000932486 0.0737228
0.0715 0.00093982 0.0729698
0.0716 0.000947079 0.0722057
0.0717 0.000954261 0.0714306
0.0718 0.000961365 0.0706446
0.0719 0.00096839 0.0698479
0.072 0.000975334 0.0690404
0.0721 0.000982197 0.0682225
0.0722 0.000988978 0.0673941
0.0723 0.000995676 0.0665555
0.0724 0.00100229 0.0657066
0.0725 0.00100882 0.0648477
0.0726 0.00101526 0.0639789
0.0727 0.00102161 0.0631002
0.0728 0.00102788 0.0622119
0.0729 0.00103405 0.061314
0.073 0.00104014 0.0604067
0.0731 0.00104614 0.0594901
0.0732 0.00105204 0.0585644
0.0733 0.00105785 0.0576296
0.0734 0.00106356 0.0566859
0.0735 0.00106918 0.0557335
0.0736 0.00107471 0.0547725
0.0737 0.00108014 0.053803
0.0738 0.00108547 0.0528252
0.0739 0.0010907 0.0518391
0.074 0.00109584 0.050845
0.0741 0.00110087 0.0498431
0.0742 0.00110581 0.0488333
0.0743 0.00111064 0.0478159
0.0744 0.00111537 0.0467911
0.0745 0.00112 0.0457589
0.0746 0.00112452 0.0447196
0.0747 0.00112894 0.0436732
0.0748 0.00113326 0.04262
0.0749 0.00113746 0.0415601
0.075 0.00114157 0.0404936
0.0751 0.00114556 0.0394206
0.0752 0.00114945 0.0383415
0.0753 0.00115323 0.0372562
0.0754 0.0011569 0.036165
0.0755 0.00116046 0.035068
0.0756 0.00116392 0.0339653
0.0757 0.00116726 0.0328573
0.0758 0.00117049 0.0317438
0.0759 0.00117361 0.0306253
0.076 0.00117661 0.0295018
0.0761 0.00117951 0.0283734
0.0762 0.00118229 0.0272404
0.0763 0.00118495 0.0261029
0.0764 0.00118751 0.024961
0.0765 0.00118995 0.023815
0.0766 0.00119227 0.022665
0.0767 0.00119448 0.0215112
0.0768 0.00119657 0.0203536
0.0769 0.00119855 0.0191926
0.077 0.00120041 0.0180283
0.0771 0.00120215 0.0168608
0.0772 0.00120378 0.0156903
0.0773 0.00120529 0.0145169
0.0774 0.00120669 0.0133409
0.0775 0.00120796 0.0121625
0.0776 0.00120912 0.0109817
0.0777 0.00121016 0.00979874
0.0778 0.00121108 0.00861382
0.0779 0.00121188 0.0074271
0.078 0.00121256 0.00623875
0.0781 0.00121313 0.00504894
0.0782 0.00121357 0.00385784
0.0783 0.0012139 0.00266562
0.0784 0.00121411 0.00147245
0.0785 0.00121419 0.000278515
0.0786 0.00121416 -0.000916021
0.0787 0.00121401 -0.00211099
0.0788 0.00121374 -0.0033062
0.0789 0.00121335 -0.0045015
0.079 0.00121284 -0.00569672
0.0791 0.00121221 -0.00689166
0.0792 0.00121146 -0.00808617
0.0793 0.00121059 -0.00928008
0.0794 0.0012096 -0.0104732
0.0795 0.0012085 -0.0116654
0.0796 0.00120727 -0.0128564
0.0797 0.00120593 -0.0140462
0.0798 0.00120446 -0.0152344
0.0799 0.00120288 -0.0164211
0.08 0.00120118 -0.0176059
0.0801 0.00119936 -0.0187887
0.0802 0.00119742 -0.0199694
0.0803 0.00119536 -0.0211478
0.0804 0.00119319 -0.0223236
0.0805 0.0011909 -0.0234968
0.0806 0.00118849 -0.0246672
0.0807 0.00118597 -0.0258345
0.0808 0.00118333 -0.0269987
0.0809 0.00118057 -0.0281596
0.081 0.00117769 -0.0293169
0.0811 0.0011747 -0.0304706
0.0812 0.0011716 -0.0316204
0.0813 0.00116838 -0.0327662
0.0814 0.00116505 -0.0339078
0.0815 0.0011616 -0.0350451
0.0816 0.00115804 -0.0361779
0.0817 0.00115436 -0.037306
0.0818 0.00115058 -0.0384293
0.0819 0.00114668 -0.0395476
0.082 0.00114267 -0.0406608
0.0821 0.00113855 -0.0417686
0.0822 0.00113431 -0.042871
0.0823 0.00112997 -0.0439677
0.0824 0.00112552 -0.0450586
0.0825 0.00112096 -0.0461436
0.0826 0.00111629 -0.0472225
0.0827 0.00111152 -0.0482951
0.0828 0.00110663 -0.0493613
0.0829 0.00110164 -0.0504209
0.083 0.00109655 -0.0514738
0.0831 0.00109135 -0.0525199
0.0832 0.00108604 -0.0535589
0.0833 0.00108064 -0.0545907
0.0834 0.00107513 -0.0556152
0.0835 0.00106951 -0.0566322
0.0836 0.0010638 -0.0576416
0.0837 0.00105799 -0.0586432
0.0838 0.00105207 -0.0596369
0.0839 0.00104606 -0.0606225
0.084 0.00103995 -0.0616
0.0841 0.00103374 -0.0625691
0.0842 0.00102743 -0.0635297
0.0843 0.00102103 -0.0644817
0.0844 0.00101454 -0.065425
0.0845 0.00100795 -0.0663593
0.0846 0.00100127 -0.0672847
0.0847 0.000994493 -0.0682008
0.0848 0.000987627 -0.0691077
0.0849 0.000980672 -0.0700052
0.085 0.000973627 -0.070893
0.0851 0.000966493 -0.0717712
0.0852 0.000959273 -0.0726396
0.0853 0.000951966 -0.0734981
0.0854 0.000944573 -0.0743465
0.0855 0.000937097 -0.0751847
0.0856 0.000929537 -0.0760126
0.0857 0.000921895 -0.0768301
0.0858 0.000914171 -0.077637
0.0859 0.000906368 -0.0784333
0.086 0.000898485 -0.0792188
0.0861 0.000890524 -0.0799934
0.0862 0.000882486 -0.0807571
0.0863 0.000874373 -0.0815096
0.0864 0.000866185 -0.0822509
0.0865 0.000857923 -0.0829808
0.0866 0.000849589 -0.0836993
0.0867 0.000841184 -0.0844063
0.0868 0.000832708 -0.0851017
0.0869 0.000824164 -0.0857853
0.087 0.000815552 -0.0864571
0.0871 0.000806873 -0.0871169
0.0872 0.000798129 -0.0877647
0.0873 0.00078932 -0.0884004
0.0874 0.000780449 -0.0890239
0.0875 0.000771516 -0.089635
0.0876 0.000762522 -0.0902338
0.0877 0.00075347 -0.0908201
0.0878 0.000744359 -0.0913938
0.0879 0.000735191 -0.0919548
0.088 0.000725968 -0.0925031
0.0881 0.000716691 -0.0930387
0.0882 0.000707361 -0.0935613
0.0883 0.000697979 -0.0940709
0.0884 0.000688547 -0.0945676
0.0885 0.000679066 -0.0950511
0.0886 0.000669537 -0.0955214
0.0887 0.000659962 -0.0959785
0.0888 0.000650342 -0.0964222
0.0889 0.000640678 -0.0968526
0.089 0.000630972 -0.0972696
0.0891 0.000621225 -0.097673
0.0892 0.000611438 -0.0980629
0.0893 0.000601613 -0.0984391
0.0894 0.000591751 -0.0988017
0.0895 0.000581853 -0.0991506
0.0896 0.000571921 -0.0994857
0.0897 0.000561956 -0.0998069
0.0898 0.00055196 -0.100114
0.0899 0.000541934 -0.100408
0.09 0.000531879 -0.100687
0.0901 0.000521797 -0.100953
0.0902 0.000511689 -0.101204
0.0903 0.000501556 -0.101442
0.0904 0.000491401 -0.101665
0.0905 0.000481224 -0.101874
0.0906 0.000471027 -0.102069
0.0907 0.000460811 -0.10225
0.0908 0.000450577 -0.102416
0.0909 0.000440328 -0.102569
0.091 0.000430064 -0.102707
0.0911 0.000419787 -0.10283
0.0912 0.000409498 -0.10294
0.0913 0.000399199 -0.103035
0.0914 0.000388892 -0.103115
0.0915 0.000378577 -0.103182
0.0916 0.000368256 -0.103234
0.0917 0.000357931 -0.103271
0.0918 0.000347602 -0.103295
0.0919 0.000337272 -0.103304
0.092 0.000326942 -0.103298
0.0921 0.000316613 -0.103278
0.0922 0.000306287 -0.103244
0.0923 0.000295965 -0.103195
0.0924 0.000285648 -0.103132
0.0925 0.000275339 -0.103055
0.0926 0.000265038 -0.102963
0.0927 0.000254747 -0.102857
0.0928 0.000244467 -0.102736
0.0929 0.0002342 -0.102602
0.093 0.000223947 -0.102453
0.0931 0.00021371 -0.102289
0.0932 0.00020349 -0.102112
0.0933 0.000193288 -0.10192
0.0934 0.000183106 -0.101714
0.0935 0.000172946 -0.101494
0.0936 0.000162808 -0.101259
0.0937 0.000152694 -0.101011
0.0938 0.000142606 -0.100749
0.0939 0.000132545 -0.100472
0.094 0.000122512 -0.100182
0.0941 0.000112509 -0.0998774
0.0942 0.000102537 -0.0995591
0.0943 9.25978e-05 -0.0992269
0.0944 8.26923e-05 -0.0988809
0.0945 7.2822e-05 -0.0985212
0.0946 6.29885e-05 -0.0981477
0.0947 5.31929e-05 -0.0977606
0.0948 4.34368e-05 -0.0973599
0.0949 3.37214e-05 -0.0969457
0.095 2.40481e-05 -0.0965179
0.0951 1.44183e-05 -0.0960768
0.0952 4.83321e-06 -0.0956222
0.0953 -4.70574e-06 -0.0951544
0.0954 -1.41972e-05 -0.0946734
0.0955 -2.364e-05 -0.0941792
0.0956 -3.30326e-05 -0.0936719
0.0957 -4.23739e-05 -0.0931515
0.0958 -5.16625e-05 -0.0926183
0.0959 -6.08971e-05 -0.0920722
0.096 -7.00765e-05 -0.0915132
0.0961 -7.91994e-05 -0.0909416
0.0962 -8.82644e-05 -0.0903574
0.0963 -9.72704e-05 -0.0897606
0.0964 -0.000106216 -0.0891513
0.0965 -0.0001151 -0.0885297
0.0966 -0.000123922 -0.0878958
0.0967 -0.000132679 -0.0872497
0.0968 -0.000141371 -0.0865915
0.0969 -0.000149997 -0.0859213
0.097 -0.000158555 -0.0852392
0.0971 -0.000167044 -0.0845453
0.0972 -0.000175464 -0.0838397
0.0973 -0.000183812 -0.0831224
0.0974 -0.000192088 -0.0823937
0.0975 -0.00020029 -0.0816535
0.0976 -0.000208418 -0.0809021
0.0977 -0.00021647 -0.0801395
0.0978 -0.000224446 -0.0793658
0.0979 -0.000232343 -0.0785811
0.098 -0.000240162 -0.0777856
0.0981 -0.0002479 -0.0769793
0.0982 -0.000255557 -0.0761624
0.0983 -0.000263132 -0.075335
0.0984 -0.000270624 -0.0744972
0.0985 -0.000278031 -0.0736491
0.0986 -0.000285353 -0.0727909
0.0987 -0.000292589 -0.0719227
0.0988 -0.000299737 -0.0710446
0.0989 -0.000306798 -0.0701566
0.099 -0.000313768 -0.0692591
0.0991 -0.000320649 -0.068352
0.0992 -0.000327438 -0.0674355
0.0993 -0.000334136 -0.0665098
0.0994 -0.00034074 -0.065575
0.0995 -0.000347251 -0.0646311
0.0996 -0.000353666 -0.0636785
0.0997 -0.000359986 -0.0627171
0.0998 -0.000366209 -0.0617471
0.0999 -0.000372335 -0.0607686
0.1 -0.000378363 -0.0597819
0.1001 -0.000384291 -0.058787
0.1002 -0.00039012 -0.0577841
0.1003 -0.000395848 -0.0567734
0.1004 -0.000401474 -0.0557549
0.1005 -0.000406998 -0.0547288
0.1006 -0.00041242 -0.0536953
0.1007 -0.000417737 -0.0526545
0.1008 -0.00042295 -0.0516066
0.1009 -0.000428058 -0.0505517
0.101 -0.000433061 -0.0494899
0.1011 -0.000437956 -0.0484215
0.1012 -0.000442745 -0.0473466
0.1013 -0.000447425 -0.0462652
0.1014 -0.000451997 -0.0451777
0.1015 -0.000456461 -0.0440841
0.1016 -0.000460814 -0.0429846
0.1017 -0.000465057 -0.0418793
0.1018 -0.00046919 -0.0407685
0.1019 -0.000473211 -0.0396522
0.102 -0.00047712 -0.0385307
0.1021 -0.000480917 -0.0374041
0.1022 -0.000484601 -0.0362725
0.1023 -0.000488171 -0.0351361
0.1024 -0.000491628 -0.0339951
0.1025 -0.00049497 -0.0328497
0.1026 -0.000498198 -0.0316999
0.1027 -0.00050131 -0.0305461
0.1028 -0.000504307 -0.0293882
0.1029 -0.000507187 -0.0282266
0.103 -0.000509952 -0.0270614
0.1031 -0.0005126 -0.0258927
0.1032 -0.00051513 -0.0247207
0.1033 -0.000517544 -0.0235456
0.1034 -0.000519839 -0.0223675
0.1035 -0.000522017 -0.0211866
0.1036 -0.000524076 -0.0200032
0.1037 -0.000526018 -0.0188172
0.1038 -0.00052784 -0.017629
0.1039 -0.000529543 -0.0164387
0.104 -0.000531128 -0.0152465
0.1041 -0.000532592 -0.0140525
0.1042 -0.000533938 -0.0128569
0.1043 -0.000535164 -0.0116599
0.1044 -0.00053627 -0.0104617
0.1045 -0.000537256 -0.00926232
0.1046 -0.000538122 -0.00806208
0.1047 -0.000538869 -0.00686112
0.1048 -0.000539495 -0.00565959
0.1049 -0.00054 -0.00445768
0.105 -0.000540386 -0.00325556
0.1051 -0.000540652 -0.0020534
0.1052 -0.000540797 -0.000851363
0.1053 -0.000540822 0.000350363
0.1054 -0.000540727 0.00155161
0.1055 -0.000540512 0.00275221
0.1056 -0.000540176 0.00395199
0.1057 -0.000539721 0.00515077
0.1058 -0.000539146 0.00634839
0.1059 -0.000538452 0.00754466
0.106 -0.000537637 0.00873943
0.1061 -0.000536704 0.00993251
0.1062 -0.000535651 0.0111237
0.1063 -0.000534479 0.0123129
0.1064 -0.000533188 0.0134999
0.1065 -0.000531779 0.0146846
0.1066 -0.000530252 0.0158667
0.1067 -0.000528606 0.0170461
0.1068 -0.000526842 0.0182226
0.1069 -0.000524961 0.0193961
0.107 -0.000522963 0.0205664
0.1071 -0.000520848 0.0217332
0.1072 -0.000518617 0.0228966
0.1073 -0.000516269 0.0240562
0.1074 -0.000513806 0.0252119
0.1075 -0.000511227 0.0263636
0.1076 -0.000508533 0.0275111
0.1077 -0.000505725 0.0286542
0.1078 -0.000502802 0.0297927
0.1079 -0.000499766 0.0309266
0.108 -0.000496617 0.0320556
0.1081 -0.000493355 0.0331795
0.1082 -0.000489981 0.0342983
0.1083 -0.000486496 0.0354117
0.1084 -0.000482899 0.0365196
0.1085 -0.000479192 0.0376218
0.1086 -0.000475375 0.0387181
0.1087 -0.000471449 0.0398085
0.1088 -0.000467414 0.0408928
0.1089 -0.00046327 0.0419707
0.109 -0.00045902 0.0430422
0.1091 -0.000454662 0.0441071
0.1092 -0.000450199 0.0451652
0.1093 -0.000445629 0.0462164
0.1094 -0.000440955 0.0472606
0.1095 -0.000436178 0.0482975
0.1096 -0.000431296 0.0493271
0.1097 -0.000426312 0.0503491
0.1098 -0.000421227 0.0513635
0.1099 -0.00041604 0.0523701
0.11 -0.000410753 0.0533687
0.1101 -0.000405366 0.0543593
0.1102 -0.000399881 0.0553416
0.1103 -0.000394298 0.0563155
0.1104 -0.000388619 0.0572809
0.1105 -0.000382843 0.0582377
0.1106 -0.000376971 0.0591857
0.1107 -0.000371006 0.0601247
0.1108 -0.000364947 0.0610547
0.1109 -0.000358795 0.0619755
0.111 -0.000352552 0.062887
0.1111 -0.000346218 0.063789
0.1112 -0.000339794 0.0646814
0.1113 -0.000333282 0.0655641
0.1114 -0.000326682 0.0664369
0.1115 -0.000319995 0.0672998
0.1116 -0.000313222 0.0681526
0.1117 -0.000306365 0.0689952
0.1118 -0.000299424 0.0698274
0.1119 -0.0002924 0.0706492
0.112 -0.000285294 0.0714604
0.1121 -0.000278108 0.072261
0.1122 -0.000270842 0.0730507
0.1123 -0.000263498 0.0738295
0.1124 -0.000256077 0.0745973
0.1125 -0.000248579 0.0753539
0.1126 -0.000241006 0.0760993
0.1127 -0.00023336 0.0768333
0.1128 -0.00022564 0.0775559
0.1129 -0.000217849 0.0782669
0.113 -0.000209987 0.0789663
0.1131 -0.000202056 0.0796539
0.1132 -0.000194057 0.0803296
0.1133 -0.00018599 0.0809933
0.1134 -0.000177858 0.081645
0.1135 -0.000169662 0.0822846
0.1136 -0.000161402 0.0829119
0.1137 -0.00015308 0.0835268
0.1138 -0.000144697 0.0841294
0.1139 -0.000136254 0.0847194
0.114 -0.000127753 0.0852969
0.1141 -0.000119195 0.0858617
0.1142 -0.000110582 0.0864137
0.1143 -0.000101913 0.0869529
0.1144 -9.31914e-05 0.0874792
0.1145 -8.44177e-05 0.0879925
0.1146 -7.55933e-05 0.0884927
0.1147 -6.67196e-05 0.0889798
0.1148 -5.77978e-05 0.0894537
0.1149 -4.88293e-05 0.0899143
0.115 -3.98154e-05 0.0903616
0.1151 -3.07574e-05 0.0907955
0.1152 -2.16567e-05 0.091216
0.1153 -1.25147e-05 0.0916229
0.1154 -3.3326e-06 0.0920162
0.1155 5.88812e-06 0.0923959
0.1156 1.51461e-05 0.0927619
0.1157 2.44401e-05 0.0931142
0.1158 3.37685e-05 0.0934527
0.1159 4.31301e-05 0.0937773
0.116 5.25235e-05 0.0940881
0.1161 6.19473e-05 0.0943849
0.1162 7.14e-05 0.0946677
0.1163 8.08803e-05 0.0949365
0.1164 9.03869e-05 0.0951913
0.1165 9.99181e-05 0.095432
0.1166 0.000109473 0.0956586
0.1167 0.000119049 0.095871
0.1168 0.000128647 0.0960692
0.1169 0.000138263 0.0962532
0.117 0.000147897 0.096423
0.1171 0.000157547 0.0965785
0.1172 0.000167212 0.0967197
0.1173 0.00017689 0.0968466
0.1174 0.000186581 0.0969592
0.1175 0.000196282 0.0970574
0.1176 0.000205992 0.0971413
0.1177 0.000215709 0.0972108
0.1178 0.000225433 0.097266
0.1179 0.000235162 0.0973068
0.118 0.000244894 0.0973331
0.1181 0.000254628 0.0973451
0.1182 0.000264363 0.0973427
0.1183 0.000274096 0.0973259
0.1184 0.000283828 0.0972947
0.1185 0.000293555 0.0972492
0.1186 0.000303277 0.0971892
0.1187 0.000312992 0.0971149
0.1188 0.000322699 0.0970262
0.1189 0.000332397 0.0969232
0.119 0.000342084 0.0968059
0.1191 0.000351758 0.0966742
0.1192 0.000361418 0.0965283
0.1193 0.000371063 0.096368
0.1194 0.000380691 0.0961936
0.1195 0.000390301 0.0960049
0.1196 0.000399892 0.095802
0.1197 0.000409461 0.095585
0.1198 0.000419008 0.0953538
0.1199 0.000428531 0.0951085
0.12 0.000438029 0.0948491
0.1201 0.000447501 0.0945758
0.1202 0.000456944 0.0942884
0.1203 0.000466358 0.0939871
0.1204 0.000475741 0.0936719
0.1205 0.000485092 0.0933428
0.1206 0.000494409 0.093
0.1207 0.000503691 0.0926433
0.1208 0.000512937 0.092273
0.1209 0.000522146 0.091889
0.121 0.000531315 0.0914915
0.1211 0.000540443 0.0910803
0.1212 0.00054953 0.0906557
0.1213 0.000558574 0.0902177
0.1214 0.000567573 0.0897663
0.1215 0.000576527 0.0893017
0.1216 0.000585433 0.0888238
0.1217 0.000594291 0.0883328
0.1218 0.000603099 0.0878287
0.1219 0.000611856 0.0873115
0.122 0.000620561 0.0867815
0.1221 0.000629212 0.0862386
0.1222 0.000637809 0.0856829
0.1223 0.000646349 0.0851145
0.1224 0.000654831 0.0845335
0.1225 0.000663255 0.0839399
0.1226 0.000671619 0.0833339
0.1227 0.000679921 0.0827156
0.1228 0.000688161 0.082085
0.1229 0.000696338 0.0814422
0.123 0.000704449 0.0807873
0.1231 0.000712495 0.0801204
0.1232 0.000720473 0.0794417
0.1233 0.000728383 0.0787511
0.1234 0.000736223 0.0780489
0.1235 0.000743992 0.077335
0.1236 0.000751689 0.0766097
0.1237 0.000759314 0.0758729
0.1238 0.000766864 0.0751249
0.1239 0.000774338 0.0743658
0.124 0.000781736 0.0735955
0.1241 0.000789057 0.0728143
0.1242 0.000796299 0.0720223
0.1243 0.000803461 0.0712195
0.1244 0.000810543 0.0704062
0.1245 0.000817542 0.0695823
0.1246 0.000824459 0.0687481
0.1247 0.000831291 0.0679036
0.1248 0.000838039 0.067049
0.1249 0.000844701 0.0661844
0.125 0.000851276 0.0653099
0.1251 0.000857762 0.0644257
0.1252 0.00086416 0.0635318
0.1253 0.000870468 0.0626284
0.1254 0.000876686 0.0617157
0.1255 0.000882811 0.0607937
0.1256 0.000888844 0.0598626
0.1257 0.000894784 0.0589226
0.1258 0.000900628 0.0579737
0.1259 0.000906378 0.0570162
0.126 0.000912031 0.05605
0.1261 0.000917588 0.0550755
0.1262 0.000923046 0.0540927
0.1263 0.000928406 0.0531017
0.1264 0.000933666 0.0521028
0.1265 0.000938826 0.051096
0.1266 0.000943885 0.0500815
0.1267 0.000948842 0.0490594
0.1268 0.000953697 0.0480299
0.1269 0.000958448 0.0469932
0.127 0.000963095 0.0459494
0.1271 0.000967638 0.0448986
0.1272 0.000972075 0.043841
0.1273 0.000976406 0.0427767
0.1274 0.00098063 0.041706
0.1275 0.000984747 0.0406289
0.1276 0.000988755 0.0395456
0.1277 0.000992656 0.0384562
0.1278 0.000996446 0.037361
0.1279 0.00100013 0.0362601
0.128 0.0010037 0.0351536
0.1281 0.00100716 0.0340417
0.1282 0.00101051 0.0329246
0.1283 0.00101374 0.0318024
0.1284 0.00101687 0.0306752
0.1285 0.00101988 0.0295433
0.1286 0.00102278 0.0284069
0.1287 0.00102556 0.0272659
0.1288 0.00102823 0.0261208
0.1289 0.00103078 0.0249715
0.129 0.00103322 0.0238183
0.1291 0.00103555 0.0226613
0.1292 0.00103775 0.0215008
0.1293 0.00103985 0.0203368
0.1294 0.00104182 0.0191695
0.1295 0.00104368 0.0179991
0.1296 0.00104542 0.0168259
0.1297 0.00104705 0.0156498
0.1298 0.00104855 0.0144712
0.1299 0.00104994 0.0132901
0.13 0.00105121 0.0121069
0.1301 0.00105236 0.0109215
0.1302 0.00105339 0.00973422
0.1303 0.00105431 0.00854521
0.1304 0.0010551 0.00735464
0.1305 0.00105578 0.00616268
0.1306 0.00105634 0.0049695
0.1307 0.00105677 0.00377528
0.1308 0.00105709 0.00258018
0.1309 0.00105729 0.00138438
0.131 0.00105737 0.000188048
0.1311 0.00105733 -0.00100864
0.1312 0.00105717 -0.00220551
0.1313 0.00105688 -0.00340239
0.1314 0.00105648 -0.00459911
0.1315 0.00105597 -0.00579549
0.1316 0.00105533 -0.00699137
0.1317 0.00105457 -0.00818657
0.1318 0.00105369 -0.00938092
0.1319 0.00105269 -0.0105742
0.132 0.00105157 -0.0117664
0.1321 0.00105034 -0.0129571
0.1322 0.00104898 -0.0141463
0.1323 0.00104751 -0.0153339
0.1324 0.00104592 -0.0165195
0.1325 0.0010442 -0.017703
0.1326 0.00104238 -0.0188844
0.1327 0.00104043 -0.0200633
0.1328 0.00103836 -0.0212397
0.1329 0.00103618 -0.0224134
0.133 0.00103388 -0.0235841
0.1331 0.00103146 -0.0247518
0.1332 0.00102893 -0.0259162
0.1333 0.00102628 -0.0270772
0.1334 0.00102351 -0.0282347
0.1335 0.00102063 -0.0293884
0.1336 0.00101764 -0.0305382
0.1337 0.00101453 -0.0316839
0.1338 0.0010113 -0.0328254
0.1339 0.00100796 -0.0339624
0.134 0.00100451 -0.0350949
0.1341 0.00100094 -0.0362227
0.1342 0.000997263 -0.0373455
0.1343 0.000993473 -0.0384633
0.1344 0.000989571 -0.0395759
0.1345 0.000985558 -0.0406831
0.1346 0.000981435 -0.0417848
0.1347 0.000977201 -0.0428807
0.1348 0.000972859 -0.0439708
0.1349 0.000968407 -0.0450549
0.135 0.000963848 -0.0461329
0.1351 0.000959181 -0.0472045
0.1352 0.000954407 -0.0482696
0.1353 0.000949527 -0.049328
0.1354 0.000944542 -0.0503797
0.1355 0.000939451 -0.0514245
0.1356 0.000934257 -0.0524621
0.1357 0.000928959 -0.0534926
0.1358 0.000923559 -0.0545156
0.1359 0.000918056 -0.0555311
0.136 0.000912453 -0.0565389
0.1361 0.000906749 -0.0575389
0.1362 0.000900945 -0.0585309
0.1363 0.000895043 -0.0595148
0.1364 0.000889043 -0.0604904
0.1365 0.000882945 -0.0614576
0.1366 0.000876751 -0.0624163
0.1367 0.000870462 -0.0633664
0.1368 0.000864078 -0.0643076
0.1369 0.000857601 -0.0652398
0.137 0.000851031 -0.066163
0.1371 0.000844369 -0.067077
0.1372 0.000837616 -0.0679816
0.1373 0.000830773 -0.0688767
0.1374 0.000823841 -0.0697622
0.1375 0.000816821 -0.070638
0.1376 0.000809713 -0.0715039
0.1377 0.00080252 -0.0723599
0.1378 0.000795242 -0.0732057
0.1379 0.000787879 -0.0740413
0.138 0.000780434 -0.0748665
0.1381 0.000772906 -0.0756813
0.1382 0.000765298 -0.0764854
0.1383 0.00075761 -0.0772789
0.1384 0.000749843 -0.0780615
0.1385 0.000741998 -0.0788332
0.1386 0.000734076 -0.0795939
0.1387 0.000726079 -0.0803434
0.1388 0.000718008 -0.0810816
0.1389 0.000709863 -0.0818085
0.139 0.000701647 -0.0825239
0.1391 0.000693359 -0.0832277
0.1392 0.000685002 -0.0839198
0.1393 0.000676575 -0.0846001
0.1394 0.000668082 -0.0852686
0.1395 0.000659522 -0.0859251
0.1396 0.000650897 -0.0865695
0.1397 0.000642209 -0.0872018
0.1398 0.000633457 -0.0878218
0.1399 0.000624645 -0.0884294
0.14 0.000615772 -0.0890246
0.1401 0.00060684 -0.0896074
0.1402 0.000597851 -0.0901775
0.1403 0.000588805 -0.0907349
0.1404 0.000579704 -0.0912795
0.1405 0.00057055 -0.0918113
0.1406 0.000561342 -0.0923302
0.1407 0.000552084 -0.0928361
0.1408 0.000542776 -0.0933289
0.1409 0.000533419 -0.0938086
0.141 0.000524014 -0.0942751
0.1411 0.000514564 -0.0947282
0.1412 0.000505069 -0.0951681
0.1413 0.000495531 -0.0955945
0.1414 0.000485951 -0.0960075
0.1415 0.00047633 -0.0964069
0.1416 0.00046667 -0.0967928
0.1417 0.000456972 -0.097165
0.1418 0.000447237 -0.0975235
0.1419 0.000437468 -0.0978683
0.142 0.000427664 -0.0981993
0.1421 0.000417828 -0.0985164
0.1422 0.000407961 -0.0988196
0.1423 0.000398065 -0.0991089
0.1424 0.00038814 -0.0993843
0.1425 0.000378188 -0.0996456
0.1426 0.000368211 -0.0998928
0.1427 0.00035821 -0.100126
0.1428 0.000348187 -0.100345
0.1429 0.000338142 -0.10055
0.143 0.000328077 -0.100741
0.1431 0.000317994 -0.100917
0.1432 0.000307894 -0.101079
0.1433 0.000297779 -0.101227
0.1434 0.000287649 -0.101361
0.1435 0.000277507 -0.10148
0.1436 0.000267354 -0.101585
0.1437 0.00025719 -0.101676
0.1438 0.000247019 -0.101752
0.1439 0.00023684 -0.101814
0.144 0.000226656 -0.101862
0.1441 0.000216468 -0.101895
0.1442 0.000206278 -0.101914
0.1443 0.000196086 -0.101919
0.1444 0.000185895 -0.101909
0.1445 0.000175705 -0.101884
0.1446 0.000165518 -0.101846
0.1447 0.000155336 -0.101793
0.1448 0.00014516 -0.101725
0.1449 0.000134992 -0.101644
0.145 0.000124832 -0.101547
0.1451 0.000114683 -0.101437
0.1452 0.000104545 -0.101312
0.1453 9.44206e-05 -0.101173
0.1454 8.43108e-05 -0.10102
0.1455 7.42171e-05 -0.100852
0.1456 6.41409e-05 -0.10067
0.1457 5.40836e-05 -0.100474
0.1458 4.40466e-05 -0.100264
0.1459 3.40313e-05 -0.100039
0.146 2.40392e-05 -0.0998007
0.1461 1.40716e-05 -0.0995481
0.1462 4.13006e-06 -0.0992814
0.1463 -5.78416e-06 -0.0990006
0.1464 -1.56696e-05 -0.098706
0.1465 -2.55249e-05 -0.0983973
0.1466 -3.53486e-05 -0.0980748
0.1467 -4.51394e-05 -0.0977385
0.1468 -5.48959e-05 -0.0973884
0.1469 -6.46166e-05 -0.0970245
0.147 -7.43003e-05 -0.0966469
0.1471 -8.39455e-05 -0.0962557
0.1472 -9.3551e-05 -0.0958509
0.1473 -0.000103115 -0.0954326
0.1474 -0.000112637 -0.0950008
0.1475 -0.000122115 -0.0945556
0.1476 -0.000131548 -0.0940971
0.1477 -0.000140934 -0.0936253
0.1478 -0.000150272 -0.0931404
0.1479 -0.000159562 -0.0926422
0.148 -0.0001688 -0.0921311
0.1481 -0.000177987 -0.0916069
0.1482 -0.000187121 -0.0910698
0.1483 -0.000196201 -0.0905199
0.1484 -0.000205225 -0.0899572
0.1485 -0.000214192 -0.0893818
0.1486 -0.000223101 -0.0887939
0.1487 -0.00023195 -0.0881934
0.1488 -0.000240739 -0.0875805
0.1489 -0.000249466 -0.0869553
0.149 -0.00025813 -0.0863178
0.1491 -0.000266729 -0.0856682
0.1492 -0.000275263 -0.0850065
0.1493 -0.00028373 -0.0843328
0.1494 -0.000292129 -0.0836473
0.1495 -0.000300459 -0.08295
0.1496 -0.000308719 -0.0822411
0.1497 -0.000316907 -0.0815205
0.1498 -0.000325022 -0.0807885
0.1499 -0.000333064 -0.0800451
0.15 -0.000341031 -0.0792905
0.1501 -0.000348922 -0.0785248
0.1502 -0.000356736 -0.077748
0.1503 -0.000364471 -0.0769602
0.1504 -0.000372127 -0.0761617
0.1505 -0.000379703 -0.0753525
0.1506 -0.000387198 -0.0745326
0.1507 -0.000394609 -0.0737024
0.1508 -0.000401938 -0.0728618
0.1509 -0.000409181 -0.0720109
0.151 -0.00041634 -0.07115
0.1511 -0.000423411 -0.0702791
0.1512 -0.000430395 -0.0693983
0.1513 -0.00043729 -0.0685078
0.1514 -0.000444096 -0.0676077
0.1515 -0.000450812 -0.0666981
0.1516 -0.000457436 -0.0657792
0.1517 -0.000463967 -0.0648511
0.1518 -0.000470405 -0.063914
0.1519 -0.00047675 -0.0629679
0.152 -0.000482999 -0.062013
0.1521 -0.000489152 -0.0610494
0.1522 -0.000495208 -0.0600773
0.1523 -0.000501167 -0.0590968
0.1524 -0.000507027 -0.0581081
0.1525 -0.000512788 -0.0571113
0.1526 -0.000518449 -0.0561065
0.1527 -0.00052401 -0.0550939
0.1528 -0.000529468 -0.0540736
0.1529 -0.000534824 -0.0530458
0.153 -0.000540077 -0.0520107
0.1531 -0.000545226 -0.0509683
0.1532 -0.00055027 -0.0499188
0.1533 -0.000555209 -0.0488624
0.1534 -0.000560043 -0.0477992
0.1535 -0.000564769 -0.0467295
0.1536 -0.000569388 -0.0456532
0.1537 -0.000573899 -0.0445706
0.1538 -0.000578302 -0.0434819
0.1539 -0.000582596 -0.0423872
0.154 -0.000586779 -0.0412866
0.1541 -0.000590853 -0.0401804
0.1542 -0.000594815 -0.0390686
0.1543 -0.000598666 -0.0379515
0.1544 -0.000602405 -0.0368292
0.1545 -0.000606032 -0.0357018
0.1546 -0.000609546 -0.0345695
0.1547 -0.000612946 -0.0334325
0.1548 -0.000616232 -0.032291
0.1549 -0.000619404 -0.031145
0.155 -0.000622461 -0.0299949
0.1551 -0.000625403 -0.0288407
0.1552 -0.000628229 -0.0276826
0.1553 -0.000630939 -0.0265207
0.1554 -0.000633533 -0.0253553
0.1555 -0.00063601 -0.0241865
0.1556 -0.00063837 -0.0230145
0.1557 -0.000640613 -0.0218394
0.1558 -0.000642738 -0.0206615
0.1559 -0.000644745 -0.0194808
0.156 -0.000646634 -0.0182976
0.1561 -0.000648404 -0.0171119
0.1562 -0.000650056 -0.0159241
0.1563 -0.000651589 -0.0147343
0.1564 -0.000653003 -0.0135425
0.1565 -0.000654298 -0.0123491
0.1566 -0.000655473 -0.0111542
0.1567 -0.000656528 -0.00995788
0.1568 -0.000657464 -0.0087604
0.1569 -0.00065828 -0.00756192
0.157 -0.000658977 -0.0063626
0.1571 -0.000659553 -0.00516262
0.1572 -0.000660009 -0.00396214
0.1573 -0.000660345 -0.00276136
0.1574 -0.000660561 -0.00156042
0.1575 -0.000660657 -0.000359514
0.1576 -0.000660633 0.000841193
0.1577 -0.000660489 0.00204153
0.1578 -0.000660225 0.00324132
0.1579 -0.000659841 0.00444039
0.158 -0.000659337 0.00563857
0.1581 -0.000658713 0.00683568
0.1582 -0.00065797 0.00803157
0.1583 -0.000657107 0.00922604
0.1584 -0.000656125 0.0104189
0.1585 -0.000655023 0.0116101
0.1586 -0.000653803 0.0127993
0.1587 -0.000652464 0.0139864
0.1588 -0.000651006 0.0151713
0.1589 -0.000649429 0.0163538
0.159 -0.000647735 0.0175336
0.1591 -0.000645923 0.0187106
0.1592 -0.000643993 0.0198848
0.1593 -0.000641946 0.0210558
0.1594 -0.000639782 0.0222235
0.1595 -0.000637501 0.0233878
0.1596 -0.000635104 0.0245484
0.1597 -0.000632592 0.0257053
0.1598 -0.000629964 0.0268583
0.1599 -0.00062722 0.0280071
0.16 -0.000624362 0.0291516
0.1601 -0.00062139 0.0302917
0.1602 -0.000618304 0.0314272
0.1603 -0.000615105 0.0325579
0.1604 -0.000611793 0.0336837
0.1605 -0.000608368 0.0348044
0.1606 -0.000604832 0.0359199
0.1607 -0.000601184 0.0370299
0.1608 -0.000597426 0.0381343
0.1609 -0.000593558 0.039233
0.161 -0.00058958 0.0403258
0.1611 -0.000585493 0.0414126
0.1612 -0.000581297 0.0424932
0.1613 -0.000576994 0.0435674
0.1614 -0.000572584 0.044635
0.1615 -0.000568068 0.0456961
0.1616 -0.000563445 0.0467503
0.1617 -0.000558718 0.0477975
0.1618 -0.000553886 0.0488376
0.1619 -0.00054895 0.0498704
0.162 -0.000543912 0.0508958
0.1621 -0.000538772 0.0519136
0.1622 -0.00053353 0.0529237
0.1623 -0.000528187 0.053926
0.1624 -0.000522745 0.0549202
0.1625 -0.000517203 0.0559063
0.1626 -0.000511564 0.0568841
0.1627 -0.000505827 0.0578535
0.1628 -0.000499993 0.0588143
0.1629 -0.000494064 0.0597664
0.163 -0.00048804 0.0607096
0.1631 -0.000481923 0.0616439
0.1632 -0.000475712 0.062569
0.1633 -0.000469409 0.063485
0.1634 -0.000463015 0.0643915
0.1635 -0.000456531 0.0652885
0.1636 -0.000449958 0.0661759
0.1637 -0.000443296 0.0670535
0.1638 -0.000436547 0.0679212
0.1639 -0.000429712 0.0687789
0.164 -0.000422792 0.0696265
0.1641 -0.000415787 0.0704638
0.1642 -0.0004087 0.0712907
0.1643 -0.00040153 0.0721071
0.1644 -0.000394278 0.0729129
0.1645 -0.000386947 0.073708
0.1646 -0.000379537 0.0744922
0.1647 -0.000372049 0.0752655
0.1648 -0.000364485 0.0760276
0.1649 -0.000356844 0.0767786
0.165 -0.000349129 0.0775184
0.1651 -0.000341341 0.0782467
0.1652 -0.00033348 0.0789635
0.1653 -0.000325549 0.0796687
0.1654 -0.000317547 0.0803622
0.1655 -0.000309476 0.0810439
0.1656 -0.000301338 0.0817137
0.1657 -0.000293134 0.0823715
0.1658 -0.000284865 0.0830172
0.1659 -0.000276531 0.0836507
0.166 -0.000268135 0.084272
0.1661 -0.000259677 0.0848808
0.1662 -0.000251159 0.0854773
0.1663 -0.000242582 0.0860612
0.1664 -0.000233947 0.0866324
0.1665 -0.000225256 0.087191
0.1666 -0.00021651 0.0877367
0.1667 -0.000207709 0.0882696
0.1668 -0.000198856 0.0887896
0.1669 -0.000189952 0.0892966
0.167 -0.000180997 0.0897904
0.1671 -0.000171994 0.0902711
0.1672 -0.000162943 0.0907386
0.1673 -0.000153847 0.0911928
0.1674 -0.000144705 0.0916336
0.1675 -0.00013552 0.092061
0.1676 -0.000126294 0.0924749
0.1677 -0.000117026 0.0928753
0.1678 -0.000107719 0.093262
0.1679 -9.83739e-05 0.0936352
0.168 -8.89923e-05 0.0939946
0.1681 -7.95755e-05 0.0943402
0.1682 -7.01248e-05 0.094672
0.1683 -6.06415e-05 0.09499
0.1684 -5.11272e-05 0.0952941
0.1685 -4.15832e-05 0.0955842
0.1686 -3.20108e-05 0.0958603
0.1687 -2.24116e-05 0.0961224
0.1688 -1.27868e-05 0.0963704
0.1689 -3.13797e-06 0.0966044
0.169 6.53357e-06 0.0968242
0.1691 1.62264e-05 0.0970298
0.1692 2.59391e-05 0.0972212
0.1693 3.56702e-05 0.0973984
0.1694 4.54183e-05 0.0975614
0.1695 5.5182e-05 0.0977101
0.1696 6.49598e-05 0.0978445
0.1697 7.47504e-05 0.0979646
0.1698 8.45523e-05 0.0980703
0.1699 9.4364e-05 0.0981617
0.17 0.000104184 0.0982388
0.1701 0.000114011 0.0983015
0.1702 0.000123844 0.0983498
0.1703 0.000133681 0.0983837
0.1704 0.00014352 0.0984032
0.1705 0.000153361 0.0984084
0.1706 0.000163201 0.0983991
0.1707 0.00017304 0.0983755
0.1708 0.000182876 0.0983374
0.1709 0.000192707 0.098285
0.171 0.000202533 0.0982182
0.1711 0.00021235 0.0981371
0.1712 0.000222159 0.0980416
0.1713 0.000231958 0.0979318
0.1714 0.000241745 0.0978076
0.1715 0.000251519 0.0976692
0.1716 0.000261279 0.0975164
0.1717 0.000271022 0.0973494
0.1718 0.000280748 0.0971682
0.1719 0.000290455 0.0969727
0.172 0.000300142 0.0967631
0.1721 0.000309807 0.0965393
0.1722 0.00031945 0.0963014
0.1723 0.000329067 0.0960494
0.1724 0.000338659 0.0957834
0.1725 0.000348223 0.0955034
0.1726 0.000357759 0.0952094
0.1727 0.000367265 0.0949014
0.1728 0.000376739 0.0945796
0.1729 0.00038618 0.0942439
0.173 0.000395587 0.0938945
0.1731 0.000404959 0.0935313
0.1732 0.000414293 0.0931545
0.1733 0.000423589 0.092764
0.1734 0.000432846 0.0923599
0.1735 0.000442061 0.0919423
0.1736 0.000451234 0.0915113
0.1737 0.000460363 0.0910669
0.1738 0.000469446 0.0906091
0.1739 0.000478484 0.0901381
0.174 0.000487474 0.0896539
0.1741 0.000496414 0.0891566
0.1742 0.000505305 0.0886462
0.1743 0.000514143 0.0881229
0.1744 0.000522929 0.0875866
0.1745 0.00053166 0.0870375
0.1746 0.000540336 0.0864757
0.1747 0.000548955 0.0859012
0.1748 0.000557516 0.0853141
0.1749 0.000566017 0.0847145
0.175 0.000574458 0.0841026
0.1751 0.000582837 0.0834783
0.1752 0.000591153 0.0828417
0.1753 0.000599405 0.082193
0.1754 0.000607592 0.0815323
0.1755 0.000615711 0.0808597
0.1756 0.000623763 0.0801751
0.1757 0.000631746 0.0794788
0.1758 0.000639658 0.0787709
0.1759 0.0006475 0.0780514
0.176 0.000655268 0.0773205
0.1761 0.000662963 0.0765782
0.1762 0.000670584 0.0758247
0.1763 0.000678128 0.07506
0.1764 0.000685595 0.0742844
0.1765 0.000692984 0.0734978
0.1766 0.000700294 0.0727005
0.1767 0.000707524 0.0718924
0.1768 0.000714673 0.0710738
0.1769 0.000721739 0.0702448
0.177 0.000728721 0.0694054
0.1771 0.000735619 0.0685559
0.1772 0.000742432 0.0676962
0.1773 0.000749158 0.0668267
0.1774 0.000755797 0.0659472
0.1775 0.000762347 0.0650581
0.1776 0.000768808 0.0641594
0.1777 0.000775179 0.0632513
0.1778 0.000781458 0.0623338
0.1779 0.000787645 0.0614072
0.178 0.000793739 0.0604715
0.1781 0.000799739 0.0595269
0.1782 0.000805645 0.0585735
0.1783 0.000811454 0.0576115
0.1784 0.000817167 0.056641
0.1785 0.000822782 0.0556621
0.1786 0.000828299 0.054675
0.1787 0.000833716 0.0536799
0.1788 0.000839034 0.0526768
0.1789 0.000844252 0.0516659
0.179 0.000849367 0.0506473
0.1791 0.000854381 0.0496213
0.1792 0.000859291 0.0485879
0.1793 0.000864098 0.0475473
0.1794 0.000868801 0.0464997
0.1795 0.000873398 0.0454452
0.1796 0.000877889 0.0443839
0.1797 0.000882274 0.0433161
0.1798 0.000886552 0.0422418
0.1799 0.000890723 0.0411612
0.18 0.000894784 0.0400745
0.1801 0.000898737 0.0389818
0.1802 0.000902581 0.0378833
0.1803 0.000906314 0.0367791
0.1804 0.000909936 0.0356695
0.1805 0.000913447 0.0345545
0.1806 0.000916847 0.0334343
0.1807 0.000920134 0.0323091
0.1808 0.000923309 0.0311791
0.1809 0.00092637 0.0300444
0.181 0.000929317 0.0289052
0.1811 0.000932151 0.0277616
0.1812 0.000934869 0.0266138
0.1813 0.000937473 0.0254619
0.1814 0.000939962 0.0243062
0.1815 0.000942334 0.0231468
0.1816 0.000944591 0.0219839
0.1817 0.000946731 0.0208176
0.1818 0.000948754 0.0196481
0.1819 0.000950661 0.0184756
0.182 0.000952449 0.0173003
0.1821 0.000954121 0.0161222
0.1822 0.000955674 0.0149416
0.1823 0.000957109 0.0137587
0.1824 0.000958425 0.0125736
0.1825 0.000959623 0.0113865
0.1826 0.000960703 0.0101976
0.1827 0.000961663 0.00900697
0.1828 0.000962504 0.00781487
0.1829 0.000963226 0.00662146
0.183 0.000963828 0.00542689
0.1831 0.000964311 0.00423135
0.1832 0.000964675 0.003035
0.1833 0.000964918 0.00183803
0.1834 0.000965042 0.000640592
0.1835 0.000965046 -0.00055713
0.1836 0.000964931 -0.00175497
0.1837 0.000964695 -0.00295274
0.1838 0.00096434 -0.00415029
0.1839 0.000963865 -0.00534743
0.184 0.000963271 -0.00654399
0.1841 0.000962557 -0.0077398
0.1842 0.000961723 -0.0089347
0.1843 0.00096077 -0.0101285
0.1844 0.000959697 -0.011321
0.1845 0.000958505 -0.0125121
0.1846 0.000957195 -0.0137016
0.1847 0.000955765 -0.0148893
0.1848 0.000954217 -0.0160751
0.1849 0.00095255 -0.0172587
0.185 0.000950765 -0.01844
0.1851 0.000948862 -0.0196189
0.1852 0.000946842 -0.0207951
0.1853 0.000944703 -0.0219685
0.1854 0.000942448 -0.023139
0.1855 0.000940076 -0.0243063
0.1856 0.000937587 -0.0254703
0.1857 0.000934982 -0.0266308
0.1858 0.000932261 -0.0277877
0.1859 0.000929424 -0.0289408
0.186 0.000926473 -0.0300899
0.1861 0.000923406 -0.0312348
0.1862 0.000920226 -0.0323755
0.1863 0.000916932 -0.0335116
0.1864 0.000913524 -0.0346432
0.1865 0.000910003 -0.0357699
0.1866 0.00090637 -0.0368917
0.1867 0.000902625 -0.0380083
0.1868 0.000898768 -0.0391196
0.1869 0.000894801 -0.0402256
0.187 0.000890724 -0.0413259
0.1871 0.000886536 -0.0424204
0.1872 0.00088224 -0.043509
0.1873 0.000877835 -0.0445916
0.1874 0.000873322 -0.0456679
0.1875 0.000868701 -0.0467378
0.1876 0.000863974 -0.0478011
0.1877 0.000859141 -0.0488578
0.1878 0.000854203 -0.0499076
0.1879 0.00084916 -0.0509505
0.188 0.000844013 -0.0519861
0.1881 0.000838763 -0.0530145
0.1882 0.00083341 -0.0540354
0.1883 0.000827956 -0.0550488
0.1884 0.000822401 -0.0560543
0.1885 0.000816746 -0.057052
0.1886 0.000810991 -0.0580417
0.1887 0.000805137 -0.0590232
0.1888 0.000799186 -0.0599964
0.1889 0.000793138 -0.0609611
0.189 0.000786994 -0.0619172
0.1891 0.000780755 -0.0628646
0.1892 0.000774422 -0.0638031
0.1893 0.000767995 -0.0647327
0.1894 0.000761476 -0.065653
0.1895 0.000754865 -0.0665641
0.1896 0.000748163 -0.0674658
0.1897 0.000741372 -0.068358
0.1898 0.000734492 -0.0692405
0.1899 0.000727524 -0.0701133
0.19 0.000720469 -0.0709761
0.1901 0.000713329 -0.0718288
0.1902 0.000706104 -0.0726714
0.1903 0.000698795 -0.0735038
0.1904 0.000691404 -0.0743257
0.1905 0.00068393 -0.0751371
0.1906 0.000676377 -0.0759379
0.1907 0.000668743 -0.0767279
0.1908 0.000661031 -0.077507
0.1909 0.000653242 -0.0782752
0.191 0.000645377 -0.0790322
0.1911 0.000637436 -0.0797781
0.1912 0.000629421 -0.0805126
0.1913 0.000621334 -0.0812358
0.1914 0.000613175 -0.0819474
0.1915 0.000604945 -0.0826474
0.1916 0.000596646 -0.0833357
0.1917 0.000588278 -0.0840121
0.1918 0.000579844 -0.0846767
0.1919 0.000571343 -0.0853292
0.192 0.000562778 -0.0859696
0.1921 0.00055415 -0.0865978
0.1922 0.000545459 -0.0872137
0.1923 0.000536707 -0.0878173
0.1924 0.000527896 -0.0884084
0.1925 0.000519026 -0.0889869
0.1926 0.000510099 -0.0895528
0.1927 0.000501116 -0.0901059
0.1928 0.000492078 -0.0906463
0.1929 0.000482987 -0.0911738
0.193 0.000473844 -0.0916883
0.1931 0.00046465 -0.0921898
0.1932 0.000455406 -0.0926782
0.1933 0.000446115 -0.0931535
0.1934 0.000436776 -0.0936154
0.1935 0.000427392 -0.0940641
0.1936 0.000417964 -0.0944995
0.1937 0.000408493 -0.0949214
0.1938 0.00039898 -0.0953298
0.1939 0.000389427 -0.0957246
0.194 0.000379835 -0.0961058
0.1941 0.000370206 -0.0964734
0.1942 0.000360541 -0.0968273
0.1943 0.000350841 -0.0971673
0.1944 0.000341108 -0.0974936
0.1945 0.000331343 -0.097806
0.1946 0.000321547 -0.0981045
0.1947 0.000311723 -0.098389
0.1948 0.00030187 -0.0986596
0.1949 0.000291991 -0.0989161
0.195 0.000282087 -0.0991585
0.1951 0.00027216 -0.0993869
0.1952 0.000262211 -0.0996011
0.1953 0.00025224 -0.0998011
0.1954 0.000242251 -0.0999869
0.1955 0.000232243 -0.100158
0.1956 0.00022222 -0.100316
0.1957 0.000212181 -0.100459
0.1958 0.000202128 -0.100588
0.1959 0.000192064 -0.100702
0.196 0.000181988 -0.100802
0.1961 0.000171904 -0.100888
0.1962 0.000161811 -0.10096
0.1963 0.000151712 -0.101017
0.1964 0.000141608 -0.101059
0.1965 0.000131501 -0.101088
0.1966 0.000121391 -0.101101
0.1967 0.000111281 -0.101101
0.1968 0.000101172 -0.101086
0.1969 9.10643e-05 -0.101057
0.197 8.09606e-05 -0.101013
0.1971 7.08621e-05 -0.100955
0.1972 6.07701e-05 -0.100883
0.1973 5.0686e-05 -0.100796
0.1974 4.06113e-05 -0.100695
0.1975 3.05474e-05 -0.10058
0.1976 2.04958e-05 -0.10045
0.1977 1.04579e-05 -0.100306
0.1978 4.3512e-07 -0.100148
0.1979 -9.57114e-06 -0.0999751
0.198 -1.95594e-05 -0.0997883
0.1981 -2.95283e-05 -0.0995874
0.1982 -3.94764e-05 -0.0993722
0.1983 -4.94023e-05 -0.0991429
0.1984 -5.93045e-05 -0.0988995
0.1985 -6.91817e-05 -0.098642
0.1986 -7.90325e-05 -0.0983705
0.1987 -8.88554e-05 -0.098085
0.1988 -9.8649e-05 -0.0977855
0.1989 -0.000108412 -0.0974721
0.199 -0.000118143 -0.0971449
0.1991 -0.000127841 -0.0968038
0.1992 -0.000137503 -0.0964489
0.1993 -0.00014713 -0.0960804
0.1994 -0.000156719 -0.0956981
0.1995 -0.000166269 -0.0953023
0.1996 -0.000175779 -0.0948928
0.1997 -0.000185247 -0.0944699
0.1998 -0.000194672 -0.0940336
0.1999 -0.000204053 -0.0935838
0.2 -0.000213389 -0.0931208
0.2001 -0.000222677 -0.0926445
0.2002 -0.000231917 -0.092155
0.2003 -0.000241108 -0.0916524
0.2004 -0.000250247 -0.0911368
0.2005 -0.000259335 -0.0906082
0.2006 -0.000268368 -0.0900668
0.2007 -0.000277348 -0.0895125
0.2008 -0.000286271 -0.0889455
0.2009 -0.000295136 -0.0883659
0.201 -0.000303943 -0.0877737
0.2011 -0.000312691 -0.087169
0.2012 -0.000321377 -0.086552
0.2013 -0.000330001 -0.0859226
0.2014 -0.000338561 -0.085281
0.2015 -0.000347056 -0.0846273
0.2016 -0.000355486 -0.0839616
0.2017 -0.000363848 -0.083284
0.2018 -0.000372142 -0.0825945
0.2019 -0.000380367 -0.0818933
0.202 -0.000388521 -0.0811804
0.2021 -0.000396603 -0.0804561
0.2022 -0.000404611 -0.0797203
0.2023 -0.000412546 -0.0789732
0.2024 -0.000420406 -0.0782148
0.2025 -0.000428189 -0.0774454
0.2026 -0.000435894 -0.076665
0.2027 -0.000443521 -0.0758737
0.2028 -0.000451069 -0.0750716
0.2029 -0.000458535 -0.0742589
0.203 -0.00046592 -0.0734357
0.2031 -0.000473222 -0.072602
0.2032 -0.00048044 -0.071758
0.2033 -0.000487573 -0.0709039
0.2034 -0.000494621 -0.0700397
0.2035 -0.000501581 -0.0691656
0.2036 -0.000508453 -0.0682817
0.2037 -0.000515237 -0.0673881
0.2038 -0.000521931 -0.0664849
0.2039 -0.000528534 -0.0655724
0.204 -0.000535045 -0.0646505
0.2041 -0.000541464 -0.0637196
0.2042 -0.000547789 -0.0627795
0.2043 -0.000554019 -0.0618307
0.2044 -0.000560154 -0.060873
0.2045 -0.000566193 -0.0599068
0.2046 -0.000572135 -0.0589321
0.2047 -0.00057798 -0.057949
0.2048 -0.000583725 -0.0569578
0.2049 -0.000589371 -0.0559585
0.205 -0.000594916 -0.0549513
0.2051 -0.000600361 -0.0539364
0.2052 -0.000605703 -0.0529138
0.2053 -0.000610943 -0.0518838
0.2054 -0.00061608 -0.0508465
0.2055 -0.000621112 -0.049802
0.2056 -0.00062604 -0.0487505
0.2057 -0.000630862 -0.0476921
0.2058 -0.000635578 -0.046627
0.2059 -0.000640188 -0.0455554
0.206 -0.000644689 -0.0444773
0.2061 -0.000649083 -0.043393
0.2062 -0.000653368 -0.0423026
0.2063 -0.000657543 -0.0412063
0.2064 -0.000661609 -0.0401042
0.2065 -0.000665564 -0.0389964
0.2066 -0.000669408 -0.0378832
0.2067 -0.00067314 -0.0367648
0.2068 -0.000676761 -0.0356411
0.2069 -0.000680268 -0.0345125
0.207 -0.000683663 -0.0333791
0.2071 -0.000686944 -0.032241
0.2072 -0.000690111 -0.0310984
0.2073 -0.000693163 -0.0299515
0.2074 -0.000696101 -0.0288004
0.2075 -0.000698923 -0.0276454
0.2076 -0.00070163 -0.0264865
0.2077 -0.000704221 -0.0253239
0.2078 -0.000706695 -0.0241579
0.2079 -0.000709052 -0.0229885
0.208 -0.000711292 -0.021816
0.2081 -0.000713415 -0.0206404
0.2082 -0.00071542 -0.0194621
0.2083 -0.000717307 -0.0182811
0.2084 -0.000719076 -0.0170976
0.2085 -0.000720727 -0.0159118
0.2086 -0.000722259 -0.0147239
0.2087 -0.000723672 -0.013534
0.2088 -0.000724965 -0.0123423
0.2089 -0.00072614 -0.011149
0.209 -0.000727195 -0.00995422
0.2091 -0.000728131 -0.00875816
0.2092 -0.000728947 -0.00756098
0.2093 -0.000729643 -0.00636287
0.2094 -0.000730219 -0.00516399
0.2095 -0.000730676 -0.00396452
0.2096 -0.000731012 -0.00276462
0.2097 -0.000731229 -0.00156447
0.2098 -0.000731325 -0.000364251
0.2099 -0.000731302 0.000835876
0.21 -0.000731158 0.00203573
0.2101 -0.000730894 0.00323515
0.2102 -0.000730511 0.00443395
0.2103 -0.000730008 0.00563197
0.2104 -0.000729385 0.00682902
0.2105 -0.000728642 0.00802495
0.2106 -0.00072778 0.00921957
0.2107 -0.000726798 0.0104127
0.2108 -0.000725697 0.0116042
0.2109 -0.000724477 0.0127939
0.211 -0.000723138 0.0139816
0.2111 -0.000721681 0.0151671
0.2112 -0.000720105 0.0163503
0.2113 -0.000718411 0.017531
0.2114 -0.000716599 0.0187091
0.2115 -0.000714669 0.0198843
0.2116 -0.000712622 0.0210564
0.2117 -0.000710458 0.0222254
0.2118 -0.000708177 0.0233911
0.2119 -0.00070578 0.0245532
0.212 -0.000703267 0.0257117
0.2121 -0.000700638 0.0268663
0.2122 -0.000697894 0.0280169
0.2123 -0.000695035 0.0291633
0.2124 -0.000692061 0.0303054
0.2125 -0.000688974 0.031443
0.2126 -0.000685773 0.0325759
0.2127 -0.000682459 0.0337039
0.2128 -0.000679032 0.034827
0.2129 -0.000675493 0.0359449
0.213 -0.000671843 0.0370575
0.2131 -0.000668082 0.0381646
0.2132 -0.000664211 0.0392661
0.2133 -0.000660229 0.0403617
0.2134 -0.000656138 0.0414514
0.2135 -0.000651939 0.042535
0.2136 -0.000647632 0.0436124
0.2137 -0.000643217 0.0446833
0.2138 -0.000638695 0.0457476
0.2139 -0.000634067 0.0468052
0.214 -0.000629334 0.0478559
0.2141 -0.000624496 0.0488996
0.2142 -0.000619555 0.0499361
0.2143 -0.00061451 0.0509653
0.2144 -0.000609362 0.051987
0.2145 -0.000604112 0.053001
0.2146 -0.000598762 0.0540073
0.2147 -0.000593311 0.0550057
0.2148 -0.000587761 0.055996
0.2149 -0.000582112 0.0569781
0.215 -0.000576366 0.0579518
0.2151 -0.000570522 0.0589171
0.2152 -0.000564583 0.0598737
0.2153 -0.000558548 0.0608216
0.2154 -0.000552419 0.0617606
0.2155 -0.000546196 0.0626905
0.2156 -0.000539881 0.0636113
0.2157 -0.000533474 0.0645228
0.2158 -0.000526977 0.0654248
0.2159 -0.000520389 0.0663173
0.216 -0.000513713 0.0672001
0.2161 -0.00050695 0.0680731
0.2162 -0.000500099 0.0689362
0.2163 -0.000493163 0.0697891
0.2164 -0.000486142 0.0706319
0.2165 -0.000479037 0.0714644
0.2166 -0.000471849 0.0722864
0.2167 -0.00046458 0.0730979
0.2168 -0.00045723 0.0738988
0.2169 -0.0004498 0.0746888
0.217 -0.000442292 0.075468
0.2171 -0.000434707 0.0762361
0.2172 -0.000427046 0.0769932
0.2173 -0.000419309 0.077739
0.2174 -0.000411498 0.0784735
0.2175 -0.000403615 0.0791965
0.2176 -0.000395659 0.079908
0.2177 -0.000387633 0.0806079
0.2178 -0.000379538 0.081296
0.2179 -0.000371375 0.0819723
0.218 -0.000363144 0.0826366
0.2181 -0.000354848 0.0832889
0.2182 -0.000346487 0.0839291
0.2183 -0.000338062 0.084557
0.2184 -0.000329576 0.0851726
0.2185 -0.000321028 0.0857759
0.2186 -0.000312421 0.0863666
0.2187 -0.000303755 0.0869448
0.2188 -0.000295032 0.0875103
0.2189 -0.000286254 0.0880631
0.219 -0.00027742 0.088603
0.2191 -0.000268533 0.0891301
0.2192 -0.000259595 0.0896442
0.2193 -0.000250605 0.0901452
0.2194 -0.000241566 0.0906332
0.2195 -0.000232479 0.0911079
0.2196 -0.000223345 0.0915694
0.2197 -0.000214165 0.0920176
0.2198 -0.000204942 0.0924524
0.2199 -0.000195675 0.0928737
0.22 -0.000186367 0.0932816
0.2201 -0.000177019 0.0936758
0.2202 -0.000167633 0.0940565
0.2203 -0.000158209 0.0944234
0.2204 -0.000148748 0.0947767
0.2205 -0.000139254 0.0951161
0.2206 -0.000129726 0.0954418
0.2207 -0.000120166 0.0957535
0.2208 -0.000110575 0.0960513
0.2209 -0.000100956 0.0963352
0.221 -9.13089e-05 0.0966051
0.2211 -8.16355e-05 0.0968609
0.2212 -7.19372e-05 0.0971026
0.2213 -6.22154e-05 0.0973302
0.2214 -5.24716e-05 0.0975437
0.2215 -4.27071e-05 0.097743
0.2216 -3.29235e-05 0.0979281
0.2217 -2.3122e-05 0.098099
0.2218 -1.33042e-05 0.0982555
0.2219 -3.47136e-06 0.0983979
0.222 6.37495e-06 0.0985259
0.2221 1.62333e-05 0.0986396
0.2222 2.61024e-05 0.0987389
0.2223 3.59806e-05 0.0988239
0.2224 4.58667e-05 0.0988946
0.2225 5.57591e-05 0.0989509
0.2226 6.56564e-05 0.0989928
0.2227 7.55572e-05 0.0990203
0.2228 8.546e-05 0.0990334
0.2229 9.53634e-05 0.0990322
0.223 0.000105266 0.0990165
0.2231 0.000115166 0.0989864
0.2232 0.000125063 0.098942
0.2233 0.000134954 0.0988832
0.2234 0.000144839 0.09881
0.2235 0.000154716 0.0987225
0.2236 0.000164583 0.0986206
0.2237 0.000174439 0.0985044
0.2238 0.000184283 0.0983739
0.2239 0.000194114 0.0982291
0.224 0.000203929 0.09807
0.2241 0.000213727 0.0978967
0.2242 0.000223508 0.0977091
0.2243 0.000233268 0.0975073
0.2244 0.000243009 0.0972914
0.2245 0.000252726 0.0970613
0.2246 0.00026242 0.0968171
0.2247 0.000272089 0.0965589
0.2248 0.000281732 0.0962866
0.2249 0.000291346 0.0960003
0.225 0.000300931 0.0957001
0.2251 0.000310486 0.095386
0.2252 0.000320008 0.095058
0.2253 0.000329497 0.0947162
0.2254 0.000338951 0.0943606
0.2255 0.000348368 0.0939913
0.2256 0.000357749 0.0936084
0.2257 0.00036709 0.0932118
0.2258 0.00037639 0.0928017
0.2259 0.00038565 0.0923781
0.226 0.000394866 0.0919411
0.2261 0.000404037 0.0914907
0.2262 0.000413163 0.091027
0.2263 0.000422242 0.0905501
0.2264 0.000431273 0.09006
0.2265 0.000440254 0.0895568
0.2266 0.000449184 0.0890406
0.2267 0.000458062 0.0885115
0.2268 0.000466886 0.0879694
0.2269 0.000475655 0.0874146
0.227 0.000484368 0.0868471
0.2271 0.000493024 0.0862669
0.2272 0.000501621 0.0856742
0.2273 0.000510158 0.0850691
0.2274 0.000518635 0.0844515
0.2275 0.000527048 0.0838217
0.2276 0.000535399 0.0831797
0.2277 0.000543684 0.0825256
0.2278 0.000551903 0.0818594
0.2279 0.000560055 0.0811814
0.228 0.000568139 0.0804915
0.2281 0.000576153 0.07979
0.2282 0.000584097 0.0790768
0.2283 0.000591968 0.0783521
0.2284 0.000599767 0.077616
0.2285 0.000607491 0.0768686
0.2286 0.00061514 0.07611
0.2287 0.000622713 0.0753403
0.2288 0.000630208 0.0745597
0.2289 0.000637624 0.0737682
0.229 0.000644961 0.0729659
0.2291 0.000652217 0.072153
0.2292 0.000659391 0.0713296
0.2293 0.000666483 0.0704959
0.2294 0.00067349 0.0696518
0.2295 0.000680413 0.0687976
0.2296 0.000687249 0.0679334
0.2297 0.000693999 0.0670592
0.2298 0.000700661 0.0661753
0.2299 0.000707234 0.0652817
0.23 0.000713717 0.0643786
0.2301 0.000720109 0.0634662
0.2302 0.00072641 0.0625444
0.2303 0.000732618 0.0616135
0.2304 0.000738732 0.0606737
0.2305 0.000744752 0.059725
0.2306 0.000750677 0.0587675
0.2307 0.000756505 0.0578015
0.2308 0.000762237 0.056827
0.2309 0.000767871 0.0558442
0.231 0.000773405 0.0548533
0.2311 0.000778841 0.0538544
0.2312 0.000784176 0.0528475
0.2313 0.00078941 0.051833
0.2314 0.000794542 0.0508108
0.2315 0.000799572 0.0497813
0.2316 0.000804498 0.0487444
0.2317 0.000809321 0.0477004
0.2318 0.000814038 0.0466494
0.2319 0.00081865 0.0455916
0.232 0.000823156 0.0445271
0.2321 0.000827556 0.043456
0.2322 0.000831847 0.0423786
0.2323 0.000836031 0.041295
0.2324 0.000840106 0.0402053
0.2325 0.000844072 0.0391097
0.2326 0.000847928 0.0380083
0.2327 0.000851673 0.0369013
0.2328 0.000855308 0.035789
0.2329 0.000858831 0.0346713
0.233 0.000862242 0.0335485
0.2331 0.000865541 0.0324208
0.2332 0.000868726 0.0312883
0.2333 0.000871798 0.0301512
0.2334 0.000874756 0.0290096
0.2335 0.0008776 0.0278638
0.2336 0.000880329 0.0267137
0.2337 0.000882943 0.0255598
0.2338 0.000885441 0.024402
0.2339 0.000887823 0.0232406
0.234 0.000890089 0.0220758
0.2341 0.000892238 0.0209076
0.2342 0.00089427 0.0197363
0.2343 0.000896185 0.0185621
0.2344 0.000897982 0.0173851
0.2345 0.000899662 0.0162054
0.2346 0.000901223 0.0150233
0.2347 0.000902667 0.0138389
0.2348 0.000903991 0.0126525
0.2349 0.000905197 0.011464
0.235 0.000906284 0.0102738
0.2351 0.000907252 0.00908206
0.2352 0.0009081 0.00788886
0.2353 0.000908829 0.0066944
0.2354 0.000909439 0.00549886
0.2355 0.000909929 0.00430242
0.2356 0.0009103 0.00310525
0.2357 0.00091055 0.00190751
0.2358 0.000910681 0.000709382
0.2359 0.000910692 -0.000488961
0.236 0.000910583 -0.00168735
0.2361 0.000910355 -0.0028856
0.2362 0.000910006 -0.00408356
0.2363 0.000909538 -0.00528104
0.2364 0.00090895 -0.00647788
0.2365 0.000908242 -0.00767389
0.2366 0.000907415 -0.00886892
0.2367 0.000906469 -0.0100628
0.2368 0.000905403 -0.0112553
0.2369 0.000904218 -0.0124463
0.237 0.000902913 -0.0136357
0.2371 0.000901491 -0.0148231
0.2372 0.000899949 -0.0160086
0.2373 0.000898289 -0.0171919
0.2374 0.000896511 -0.0183728
0.2375 0.000894614 -0.0195512
0.2376 0.0008926 -0.0207268
0.2377 0.000890469 -0.0218996
0.2378 0.000888221 -0.0230694
0.2379 0.000885855 -0.024236
0.238 0.000883374 -0.0253991
0.2381 0.000880776 -0.0265588
0.2382 0.000878062 -0.0277147
0.2383 0.000875233 -0.0288667
0.2384 0.000872289 -0.0300147
0.2385 0.00086923 -0.0311585
0.2386 0.000866057 -0.0322979
0.2387 0.000862771 -0.0334327
0.2388 0.000859371 -0.0345629
0.2389 0.000855858 -0.0356882
0.239 0.000852233 -0.0368085
0.2391 0.000848497 -0.0379235
0.2392 0.000844649 -0.0390333
0.2393 0.00084069 -0.0401375
0.2394 0.000836621 -0.041236
0.2395 0.000832443 -0.0423287
0.2396 0.000828156 -0.0434155
0.2397 0.00082376 -0.0444961
0.2398 0.000819257 -0.0455703
0.2399 0.000814646 -0.0466382
0.24 0.00080993 -0.0476994
0.2401 0.000805107 -0.0487539
0.2402 0.000800179 -0.0498015
0.2403 0.000795147 -0.050842
0.2404 0.000790011 -0.0518753
0.2405 0.000784772 -0.0529012
0.2406 0.000779431 -0.0539196
0.2407 0.000773988 -0.0549304
0.2408 0.000768445 -0.0559333
0.2409 0.000762802 -0.0569284
0.241 0.00075706 -0.0579153
0.2411 0.000751219 -0.058894
0.2412 0.000745281 -0.0598643
0.2413 0.000739247 -0.0608261
0.2414 0.000733116 -0.0617793
0.2415 0.000726891 -0.0627237
0.2416 0.000720572 -0.0636591
0.2417 0.000714159 -0.0645855
0.2418 0.000707655 -0.0655027
0.2419 0.000701059 -0.0664106
0.242 0.000694373 -0.067309
0.2421 0.000687598 -0.0681978
0.2422 0.000680734 -0.0690769
0.2423 0.000673783 -0.0699462
0.2424 0.000666745 -0.0708055
0.2425 0.000659622 -0.0716548
0.2426 0.000652414 -0.0724938
0.2427 0.000645123 -0.0733225
0.2428 0.00063775 -0.0741407
0.2429 0.000630296 -0.0749484
0.243 0.000622761 -0.0757453
0.2431 0.000615147 -0.0765315
0.2432 0.000607455 -0.0773068
0.2433 0.000599686 -0.078071
0.2434 0.000591841 -0.0788241
0.2435 0.000583922 -0.079566
0.2436 0.000575928 -0.0802965
0.2437 0.000567863 -0.0810155
0.2438 0.000559726 -0.081723
0.2439 0.000551518 -0.0824188
0.244 0.000543242 -0.0831029
0.2441 0.000534898 -0.0837751
0.2442 0.000526488 -0.0844353
0.2443 0.000518012 -0.0850835
0.2444 0.000509471 -0.0857195
0.2445 0.000500868 -0.0863433
0.2446 0.000492203 -0.0869548
0.2447 0.000483478 -0.0875539
0.2448 0.000474693 -0.0881404
0.2449 0.00046585 -0.0887144
0.245 0.00045695 -0.0892757
0.2451 0.000447995 -0.0898242
0.2452 0.000438986 -0.0903599
0.2453 0.000429924 -0.0908827
0.2454 0.00042081 -0.0913925
0.2455 0.000411646 -0.0918893
0.2456 0.000402432 -0.0923729
0.2457 0.000393171 -0.0928434
0.2458 0.000383864 -0.0933005
0.2459 0.000374512 -0.0937444
0.246 0.000365116 -0.0941748
0.2461 0.000355677 -0.0945918
0.2462 0.000346198 -0.0949953
0.2463 0.000336679 -0.0953852
0.2464 0.000327121 -0.0957614
0.2465 0.000317527 -0.096124
0.2466 0.000307897 -0.0964728
0.2467 0.000298233 -0.0968079
0.2468 0.000288536 -0.0971291
0.2469 0.000278807 -0.0974364
0.247 0.000269049 -0.0977298
0.2471 0.000259262 -0.0980092
0.2472 0.000249448 -0.0982746
0.2473 0.000239607 -0.098526
0.2474 0.000229743 -0.0987633
0.2475 0.000219855 -0.0989864
0.2476 0.000209946 -0.0991954
0.2477 0.000200017 -0.0993902
0.2478 0.000190068 -0.0995708
0.2479 0.000180103 -0.0997372
0.248 0.000170121 -0.0998893
0.2481 0.000160126 -0.100027
0.2482 0.000150116 -0.100151
0.2483 0.000140096 -0.10026
0.2484 0.000130065 -0.100355
0.2485 0.000120025 -0.100435
0.2486 0.000109978 -0.100501
0.2487 9.99256e-05 -0.100553
0.2488 8.98682e-05 -0.100591
0.2489 7.98079e-05 -0.100614
0.249 6.9746e-05 -0.100622
0.2491 5.96839e-05 -0.100617
0.2492 4.96232e-05 -0.100596
0.2493 3.95651e-05 -0.100562
0.2494 2.95113e-05 -0.100513
0.2495 1.9463e-05 -0.10045
0.2496 9.42183e-06 -0.100372
0.2497 -6.10894e-07 -0.10028
0.2498 -1.06337e-05 -0.100174
0.2499 -2.06451e-05 -0.100053
0.25 -3.06438e-05 -0.099918
0.2501 -4.06283e-05 -0.0997687
0.2502 -5.05971e-05 -0.0996052
0.2503 -6.05488e-05 -0.0994274
0.2504 -7.04821e-05 -0.0992354
0.2505 -8.03954e-05 -0.0990292
0.2506 -9.02875e-05 -0.0988089
0.2507 -0.000100157 -0.0985744
0.2508 -0.000110002 -0.0983258
0.2509 -0.000119821 -0.0980632
0.251 -0.000129614 -0.0977865
0.2511 -0.000139378 -0.0974959
0.2512 -0.000149113 -0.0971913
0.2513 -0.000158816 -0.0968728
