0 0 0
0.0001 1.62499e-09 4.83742e-05
0.0002 1.26905e-08 0.000187296
0.0003 4.1812e-08 0.000408122
0.0004 9.67817e-08 0.000703013
0.0005 1.84645e-07 0.00106486
0.0006 3.11769e-07 0.00148721
0.0007 4.83907e-07 0.00196422
0.0008 7.06256e-07 0.00249057
0.0009 9.83504e-07 0.00306146
0.001 1.31988e-06 0.0036725
0.0011 1.71921e-06 0.00431973
0.0012 2.18491e-06 0.00499954
0.0013 2.72009e-06 0.00570865
0.0014 3.32752e-06 0.0064441
0.0015 4.0097e-06 0.00720318
0.0016 4.76886e-06 0.00798343
0.0017 5.60702e-06 0.00878261
0.0018 6.52595e-06 0.00959869
0.0019 7.52726e-06 0.0104298
0.002 8.61236e-06 0.0112743
0.0021 9.78251e-06 0.0121306
0.0022 1.10388e-05 0.0129974
0.0023 1.23823e-05 0.0138733
0.0024 1.38138e-05 0.0147571
0.0025 1.5334e-05 0.0156479
0.0026 1.69435e-05 0.0165447
0.0027 1.86431e-05 0.0174464
0.0028 2.0433e-05 0.0183525
0.0029 2.23137e-05 0.019262
0.003 2.42854e-05 0.0201743
0.0031 2.63486e-05 0.0210887
0.0032 2.85032e-05 0.0220048
0.0033 3.07496e-05 0.0229219
0.0034 3.30877e-05 0.0238396
0.0035 3.55175e-05 0.0247574
0.0036 3.80391e-05 0.0256749
0.0037 4.06525e-05 0.0265917
0.0038 4.33574e-05 0.0275075
0.0039 4.61539e-05 0.0284218
0.004 4.90417e-05 0.0293345
0.0041 5.20207e-05 0.0302451
0.0042 5.50907e-05 0.0311535
0.0043 5.82514e-05 0.0320594
0.0044 6.15025e-05 0.0329625
0.0045 6.48437e-05 0.0338626
0.0046 6.82749e-05 0.0347595
0.0047 7.17955e-05 0.035653
0.0048 7.54054e-05 0.036543
0.0049 7.9104e-05 0.0374291
0.005 8.28911e-05 0.0383114
0.0051 8.67661e-05 0.0391895
0.0052 9.07288e-05 0.0400634
0.0053 9.47787e-05 0.040933
0.0054 9.89153e-05 0.0417979
0.0055 0.000103138 0.0426582
0.0056 0.000107447 0.0435137
0.0057 0.000111841 0.0443643
0.0058 0.000116319 0.0452098
0.0059 0.000120882 0.0460501
0.006 0.000125529 0.0468852
0.0061 0.000130259 0.0477148
0.0062 0.000135072 0.048539
0.0063 0.000139967 0.0493576
0.0064 0.000144943 0.0501704
0.0065 0.000150001 0.0509775
0.0066 0.000155139 0.0517786
0.0067 0.000160356 0.0525738
0.0068 0.000165653 0.0533628
0.0069 0.000171029 0.0541457
0.007 0.000176482 0.0549223
0.0071 0.000182013 0.0556926
0.0072 0.00018762 0.0564564
0.0073 0.000193304 0.0572138
0.0074 0.000199063 0.0579645
0.0075 0.000204897 0.0587085
0.0076 0.000210804 0.0594457
0.0077 0.000216786 0.0601761
0.0078 0.000222839 0.0608996
0.0079 0.000228965 0.0616161
0.008 0.000235162 0.0623255
0.0081 0.00024143 0.0630278
0.0082 0.000247768 0.0637228
0.0083 0.000254174 0.0644106
0.0084 0.00026065 0.0650909
0.0085 0.000267192 0.0657639
0.0086 0.000273802 0.0664294
0.0087 0.000280478 0.0670873
0.0088 0.000287219 0.0677375
0.0089 0.000294025 0.0683801
0.009 0.000300895 0.0690149
0.0091 0.000307828 0.0696418
0.0092 0.000314823 0.0702609
0.0093 0.00032188 0.070872
0.0094 0.000328997 0.0714751
0.0095 0.000336175 0.0720701
0.0096 0.000343411 0.072657
0.0097 0.000350706 0.0732357
0.0098 0.000358058 0.0738062
0.0099 0.000365467 0.0743683
0.01 0.000372931 0.0749221
0.0101 0.000380451 0.0754674
0.0102 0.000388025 0.0760043
0.0103 0.000395651 0.0765327
0.0104 0.000403331 0.0770524
0.0105 0.000411062 0.0775636
0.0106 0.000418843 0.078066
0.0107 0.000426675 0.0785598
0.0108 0.000434555 0.0790447
0.0109 0.000442483 0.0795209
0.011 0.000450459 0.0799881
0.0111 0.000458481 0.0804465
0.0112 0.000466548 0.0808958
0.0113 0.000474659 0.0813362
0.0114 0.000482815 0.0817675
0.0115 0.000491013 0.0821897
0.0116 0.000499252 0.0826028
0.0117 0.000507533 0.0830067
0.0118 0.000515853 0.0834014
0.0119 0.000524213 0.0837868
0.012 0.00053261 0.084163
0.0121 0.000541045 0.0845298
0.0122 0.000549516 0.0848872
0.0123 0.000558022 0.0852353
0.0124 0.000566563 0.0855739
0.0125 0.000575137 0.085903
0.0126 0.000583743 0.0862227
0.0127 0.000592381 0.0865328
0.0128 0.000601049 0.0868334
0.0129 0.000609747 0.0871243
0.013 0.000618474 0.0874057
0.0131 0.000627228 0.0876774
0.0132 0.000636009 0.0879395
0.0133 0.000644816 0.0881918
0.0134 0.000653647 0.0884344
0.0135 0.000662502 0.0886673
0.0136 0.00067138 0.0888904
0.0137 0.00068028 0.0891037
0.0138 0.000689201 0.0893073
0.0139 0.000698141 0.089501
0.014 0.000707101 0.0896848
0.0141 0.000716078 0.0898588
0.0142 0.000725072 0.0900229
0.0143 0.000734082 0.0901771
0.0144 0.000743107 0.0903214
0.0145 0.000752146 0.0904558
0.0146 0.000761198 0.0905802
0.0147 0.000770262 0.0906947
0.0148 0.000779336 0.0907992
0.0149 0.000788421 0.0908938
0.015 0.000797515 0.0909784
0.0151 0.000806617 0.091053
0.0152 0.000815725 0.0911176
0.0153 0.00082484 0.0911722
0.0154 0.000833959 0.0912168
0.0155 0.000843083 0.0912514
0.0156 0.000852209 0.091276
0.0157 0.000861338 0.0912906
0.0158 0.000870467 0.0912952
0.0159 0.000879596 0.0912898
0.016 0.000888725 0.0912744
0.0161 0.000897851 0.091249
0.0162 0.000906974 0.0912135
0.0163 0.000916093 0.0911681
0.0164 0.000925207 0.0911127
0.0165 0.000934315 0.0910473
0.0166 0.000943416 0.0909719
0.0167 0.00095251 0.0908866
0.0168 0.000961593 0.0907912
0.0169 0.000970667 0.090686
0.017 0.00097973 0.0905708
0.0171 0.000988781 0.0904457
0.0172 0.000997819 0.0903106
0.0173 0.00100684 0.0901657
0.0174 0.00101585 0.0900109
0.0175 0.00102484 0.0898462
0.0176 0.00103382 0.0896717
0.0177 0.00104278 0.0894873
0.0178 0.00105172 0.0892932
0.0179 0.00106064 0.0890892
0.018 0.00106954 0.0888755
0.0181 0.00107841 0.088652
0.0182 0.00108727 0.0884188
0.0183 0.0010961 0.0881759
0.0184 0.0011049 0.0879233
0.0185 0.00111368 0.0876611
0.0186 0.00112243 0.0873893
0.0187 0.00113116 0.0871078
0.0188 0.00113985 0.0868168
0.0189 0.00114852 0.0865163
0.019 0.00115716 0.0862062
0.0191 0.00116576 0.0858867
0.0192 0.00117433 0.0855578
0.0193 0.00118287 0.0852194
0.0194 0.00119138 0.0848717
0.0195 0.00119985 0.0845146
0.0196 0.00120828 0.0841483
0.0197 0.00121668 0.0837727
0.0198 0.00122503 0.0833878
0.0199 0.00123335 0.0829938
0.02 0.00124163 0.0825906
0.0201 0.00124987 0.0821784
0.0202 0.00125807 0.0817571
0.0203 0.00126622 0.0813267
0.0204 0.00127433 0.0808874
0.0205 0.0012824 0.0804392
0.0206 0.00129042 0.079982
0.0207 0.0012984 0.0795161
0.0208 0.00130632 0.0790413
0.0209 0.0013142 0.0785578
0.021 0.00132203 0.0780657
0.0211 0.00132982 0.0775648
0.0212 0.00133755 0.0770554
0.0213 0.00134523 0.0765375
0.0214 0.00135285 0.0760111
0.0215 0.00136043 0.0754762
0.0216 0.00136795 0.074933
0.0217 0.00137542 0.0743814
0.0218 0.00138283 0.0738216
0.0219 0.00139018 0.0732535
0.022 0.00139748 0.0726773
0.0221 0.00140471 0.0720931
0.0222 0.00141189 0.0715007
0.0223 0.00141901 0.0709004
0.0224 0.00142607 0.0702922
0.0225 0.00143307 0.0696762
0.0226 0.00144001 0.0690523
0.0227 0.00144688 0.0684208
0.0228 0.00145369 0.0677815
0.0229 0.00146044 0.0671347
0.023 0.00146712 0.0664804
0.0231 0.00147373 0.0658185
0.0232 0.00148028 0.0651493
0.0233 0.00148676 0.0644728
0.0234 0.00149318 0.0637889
0.0235 0.00149952 0.0630979
0.0236 0.0015058 0.0623998
0.0237 0.001512 0.0616946
0.0238 0.00151814 0.0609825
0.0239 0.0015242 0.0602634
0.024 0.00153019 0.0595375
0.0241 0.00153611 0.0588048
0.0242 0.00154195 0.0580654
0.0243 0.00154772 0.0573195
0.0244 0.00155341 0.0565669
0.0245 0.00155903 0.055808
0.0246 0.00156457 0.0550426
0.0247 0.00157004 0.0542709
0.0248 0.00157543 0.053493
0.0249 0.00158074 0.052709
0.025 0.00158597 0.0519189
0.0251 0.00159112 0.0511227
0.0252 0.00159619 0.0503207
0.0253 0.00160119 0.0495129
0.0254 0.0016061 0.0486992
0.0255 0.00161092 0.04788
0.0256 0.00161567 0.0470551
0.0257 0.00162034 0.0462247
0.0258 0.00162492 0.045389
0.0259 0.00162941 0.0445478
0.026 0.00163383 0.0437015
0.0261 0.00163815 0.0428499
0.0262 0.0016424 0.0419933
0.0263 0.00164655 0.0411318
0.0264 0.00165062 0.0402653
0.0265 0.0016546 0.0393939
0.0266 0.0016585 0.0385179
0.0267 0.00166231 0.0376372
0.0268 0.00166603 0.036752
0.0269 0.00166966 0.0358623
0.027 0.0016732 0.0349682
0.0271 0.00167665 0.0340699
0.0272 0.00168001 0.0331673
0.0273 0.00168329 0.0322607
0.0274 0.00168647 0.03135
0.0275 0.00168956 0.0304355
0.0276 0.00169255 0.0295171
0.0277 0.00169546 0.028595
0.0278 0.00169827 0.0276692
0.0279 0.00170099 0.0267399
0.028 0.00170362 0.0258071
0.0281 0.00170615 0.024871
0.0282 0.00170859 0.0239316
0.0283 0.00171094 0.0229891
0.0284 0.00171319 0.0220435
0.0285 0.00171535 0.0210949
0.0286 0.00171741 0.0201434
0.0287 0.00171938 0.0191891
0.0288 0.00172125 0.0182322
0.0289 0.00172302 0.0172726
0.029 0.0017247 0.0163106
0.0291 0.00172629 0.0153461
0.0292 0.00172777 0.0143794
0.0293 0.00172916 0.0134104
0.0294 0.00173045 0.0124393
0.0295 0.00173165 0.0114663
0.0296 0.00173275 0.0104913
0.0297 0.00173375 0.00951447
0.0298 0.00173465 0.00853595
0.0299 0.00173545 0.00755582
0.03 0.00173616 0.00657417
0.0301 0.00173677 0.0055911
0.0302 0.00173728 0.00460671
0.0303 0.00173769 0.0036211
0.0304 0.001738 0.00263436
0.0305 0.00173822 0.00164661
0.0306 0.00173833 0.000657934
0.0307 0.00173835 -0.000331565
0.0308 0.00173827 -0.00132179
0.0309 0.00173808 -0.00231263
0.031 0.0017378 -0.003304
0.0311 0.00173742 -0.00429579
0.0312 0.00173694 -0.00528791
0.0313 0.00173637 -0.00628025
0.0314 0.00173569 -0.00727271
0.0315 0.00173491 -0.0082652
0.0316 0.00173404 -0.00925761
0.0317 0.00173306 -0.0102498
0.0318 0.00173199 -0.0112418
0.0319 0.00173081 -0.0122334
0.032 0.00172954 -0.0132245
0.0321 0.00172817 -0.014215
0.0322 0.0017267 -0.0152049
0.0323 0.00172513 -0.0161939
0.0324 0.00172346 -0.0171821
0.0325 0.00172169 -0.0181694
0.0326 0.00171982 -0.0191555
0.0327 0.00171786 -0.0201405
0.0328 0.0017158 -0.0211242
0.0329 0.00171363 -0.0221065
0.033 0.00171137 -0.0230874
0.0331 0.00170902 -0.0240667
0.0332 0.00170656 -0.0250443
0.0333 0.00170401 -0.0260202
0.0334 0.00170136 -0.0269941
0.0335 0.00169861 -0.0279662
0.0336 0.00169576 -0.0289361
0.0337 0.00169282 -0.0299039
0.0338 0.00168978 -0.0308695
0.0339 0.00168665 -0.0318327
0.034 0.00168342 -0.0327934
0.0341 0.00168009 -0.0337516
0.0342 0.00167667 -0.0347072
0.0343 0.00167315 -0.03566
0.0344 0.00166953 -0.03661
0.0345 0.00166583 -0.037557
0.0346 0.00166202 -0.038501
0.0347 0.00165813 -0.0394419
0.0348 0.00165413 -0.0403796
0.0349 0.00165005 -0.0413139
0.035 0.00164587 -0.0422449
0.0351 0.0016416 -0.0431723
0.0352 0.00163724 -0.0440962
0.0353 0.00163278 -0.0450164
0.0354 0.00162823 -0.0459327
0.0355 0.0016236 -0.0468453
0.0356 0.00161887 -0.0477538
0.0357 0.00161404 -0.0486583
0.0358 0.00160913 -0.0495587
0.0359 0.00160413 -0.0504548
0.036 0.00159904 -0.0513466
0.0361 0.00159386 -0.0522339
0.0362 0.0015886 -0.0531168
0.0363 0.00158324 -0.0539951
0.0364 0.0015778 -0.0548686
0.0365 0.00157227 -0.0557374
0.0366 0.00156665 -0.0566014
0.0367 0.00156095 -0.0574604
0.0368 0.00155516 -0.0583143
0.0369 0.00154928 -0.0591632
0.037 0.00154333 -0.0600068
0.0371 0.00153728 -0.0608452
0.0372 0.00153116 -0.0616781
0.0373 0.00152495 -0.0625056
0.0374 0.00151866 -0.0633276
0.0375 0.00151228 -0.064144
0.0376 0.00150583 -0.0649546
0.0377 0.00149929 -0.0657594
0.0378 0.00149268 -0.0665584
0.0379 0.00148598 -0.0673514
0.038 0.00147921 -0.0681384
0.0381 0.00147235 -0.0689193
0.0382 0.00146542 -0.069694
0.0383 0.00145841 -0.0704624
0.0384 0.00145133 -0.0712245
0.0385 0.00144417 -0.0719801
0.0386 0.00143693 -0.0727292
0.0387 0.00142962 -0.0734718
0.0388 0.00142224 -0.0742077
0.0389 0.00141478 -0.0749369
0.039 0.00140725 -0.0756594
0.0391 0.00139965 -0.0763749
0.0392 0.00139198 -0.0770835
0.0393 0.00138423 -0.077785
0.0394 0.00137642 -0.0784795
0.0395 0.00136854 -0.0791669
0.0396 0.00136059 -0.079847
0.0397 0.00135257 -0.0805198
0.0398 0.00134448 -0.0811852
0.0399 0.00133633 -0.0818433
0.04 0.00132812 -0.0824938
0.0401 0.00131983 -0.0831368
0.0402 0.00131149 -0.0837721
0.0403 0.00130308 -0.0843998
0.0404 0.00129461 -0.0850197
0.0405 0.00128608 -0.0856318
0.0406 0.00127748 -0.086236
0.0407 0.00126883 -0.0868322
0.0408 0.00126012 -0.0874205
0.0409 0.00125135 -0.0880007
0.041 0.00124252 -0.0885728
0.0411 0.00123363 -0.0891367
0.0412 0.00122469 -0.0896924
0.0413 0.00121569 -0.0902398
0.0414 0.00120664 -0.0907788
0.0415 0.00119754 -0.0913095
0.0416 0.00118838 -0.0918317
0.0417 0.00117917 -0.0923453
0.0418 0.00116991 -0.0928505
0.0419 0.0011606 -0.093347
0.042 0.00115124 -0.0938349
0.0421 0.00114184 -0.094314
0.0422 0.00113238 -0.0947844
0.0423 0.00112288 -0.095246
0.0424 0.00111333 -0.0956987
0.0425 0.00110374 -0.0961426
0.0426 0.0010941 -0.0965775
0.0427 0.00108442 -0.0970034
0.0428 0.0010747 -0.0974203
0.0429 0.00106494 -0.0978281
0.043 0.00105514 -0.0982268
0.0431 0.0010453 -0.0986163
0.0432 0.00103541 -0.0989966
0.0433 0.0010255 -0.0993677
0.0434 0.00101554 -0.0997296
0.0435 0.00100555 -0.100082
0.0436 0.000995525 -0.100425
0.0437 0.000985466 -0.100759
0.0438 0.000975374 -0.101084
0.0439 0.00096525 -0.101398
0.044 0.000955094 -0.101704
0.0441 0.000944909 -0.102
0.0442 0.000934695 -0.102286
0.0443 0.000924452 -0.102563
0.0444 0.000914182 -0.10283
0.0445 0.000903886 -0.103088
0.0446 0.000893565 -0.103336
0.0447 0.00088322 -0.103574
0.0448 0.000872851 -0.103803
0.0449 0.000862459 -0.104022
0.045 0.000852047 -0.104231
0.0451 0.000841613 -0.10443
0.0452 0.000831161 -0.10462
0.0453 0.00082069 -0.1048
0.0454 0.000810201 -0.10497
0.0455 0.000799696 -0.10513
0.0456 0.000789176 -0.10528
0.0457 0.00077864 -0.10542
0.0458 0.000768092 -0.105551
0.0459 0.000757531 -0.105671
0.046 0.000746958 -0.105782
0.0461 0.000736375 -0.105883
0.0462 0.000725782 -0.105973
0.0463 0.00071518 -0.106054
0.0464 0.000704571 -0.106125
0.0465 0.000693956 -0.106186
0.0466 0.000683334 -0.106237
0.0467 0.000672709 -0.106278
0.0468 0.000662079 -0.106309
0.0469 0.000651447 -0.10633
0.047 0.000640814 -0.106341
0.0471 0.000630179 -0.106342
0.0472 0.000619545 -0.106333
0.0473 0.000608913 -0.106314
0.0474 0.000598283 -0.106285
0.0475 0.000587656 -0.106246
0.0476 0.000577034 -0.106197
0.0477 0.000566417 -0.106138
0.0478 0.000555807 -0.106069
0.0479 0.000545204 -0.10599
0.048 0.000534609 -0.105901
0.0481 0.000524024 -0.105802
0.0482 0.000513449 -0.105693
0.0483 0.000502886 -0.105575
0.0484 0.000492335 -0.105446
0.0485 0.000481797 -0.105308
0.0486 0.000471274 -0.105159
0.0487 0.000460765 -0.105001
0.0488 0.000450274 -0.104833
0.0489 0.000439799 -0.104655
0.049 0.000429343 -0.104467
0.0491 0.000418906 -0.104269
0.0492 0.00040849 -0.104061
0.0493 0.000398094 -0.103844
0.0494 0.000387721 -0.103617
0.0495 0.000377371 -0.10338
0.0496 0.000367045 -0.103134
0.0497 0.000356745 -0.102878
0.0498 0.00034647 -0.102612
0.0499 0.000336223 -0.102336
0.05 0.000326003 -0.102051
0.0501 0.000315813 -0.101757
0.0502 0.000305652 -0.101452
0.0503 0.000295523 -0.101139
0.0504 0.000285425 -0.100815
0.0505 0.00027536 -0.100483
0.0506 0.000265329 -0.100141
0.0507 0.000255332 -0.099789
0.0508 0.000245371 -0.0994282
0.0509 0.000235447 -0.0990579
0.051 0.00022556 -0.0986784
0.0511 0.000215711 -0.0982897
0.0512 0.000205902 -0.0978917
0.0513 0.000196133 -0.0974846
0.0514 0.000186406 -0.0970683
0.0515 0.00017672 -0.0966429
0.0516 0.000167077 -0.0962085
0.0517 0.000157479 -0.0957651
0.0518 0.000147925 -0.0953127
0.0519 0.000138416 -0.0948513
0.052 0.000128955 -0.0943811
0.0521 0.00011954 -0.0939021
0.0522 0.000110174 -0.0934143
0.0523 0.000100858 -0.0929178
0.0524 9.15912e-05 -0.0924126
0.0525 8.23755e-05 -0.0918987
0.0526 7.32117e-05 -0.0913763
0.0527 6.41006e-05 -0.0908453
0.0528 5.50429e-05 -0.0903059
0.0529 4.60397e-05 -0.089758
0.053 3.70916e-05 -0.0892018
0.0531 2.81996e-05 -0.0886372
0.0532 1.93645e-05 -0.0880644
0.0533 1.0587e-05 -0.0874834
0.0534 1.86805e-06 -0.0868942
0.0535 -6.79157e-06 -0.0862969
0.0536 -1.53911e-05 -0.0856916
0.0537 -2.39296e-05 -0.0850784
0.0538 -3.24065e-05 -0.0844572
0.0539 -4.08208e-05 -0.0838282
0.054 -4.91719e-05 -0.0831914
0.0541 -5.74588e-05 -0.0825469
0.0542 -6.5681e-05 -0.0818947
0.0543 -7.38375e-05 -0.0812349
0.0544 -8.19277e-05 -0.0805677
0.0545 -8.99508e-05 -0.0798929
0.0546 -9.79061e-05 -0.0792107
0.0547 -0.000105793 -0.0785213
0.0548 -0.00011361 -0.0778245
0.0549 -0.000121357 -0.0771206
0.055 -0.000129034 -0.0764095
0.0551 -0.000136639 -0.0756914
0.0552 -0.000144172 -0.0749664
0.0553 -0.000151632 -0.0742344
0.0554 -0.000159019 -0.0734956
0.0555 -0.000166331 -0.07275
0.0556 -0.000173568 -0.0719977
0.0557 -0.00018073 -0.0712389
0.0558 -0.000187816 -0.0704734
0.0559 -0.000194825 -0.0697016
0.056 -0.000201756 -0.0689233
0.0561 -0.000208609 -0.0681388
0.0562 -0.000215384 -0.067348
0.0563 -0.000222079 -0.066551
0.0564 -0.000228694 -0.065748
0.0565 -0.000235228 -0.064939
0.0566 -0.000241681 -0.0641241
0.0567 -0.000248053 -0.0633033
0.0568 -0.000254342 -0.0624769
0.0569 -0.000260548 -0.0616447
0.057 -0.00026667 -0.0608069
0.0571 -0.000272709 -0.0599637
0.0572 -0.000278663 -0.059115
0.0573 -0.000284532 -0.058261
0.0574 -0.000290315 -0.0574018
0.0575 -0.000296012 -0.0565374
0.0576 -0.000301622 -0.0556679
0.0577 -0.000307145 -0.0547934
0.0578 -0.000312581 -0.0539141
0.0579 -0.000317928 -0.0530299
0.058 -0.000323187 -0.0521409
0.0581 -0.000328356 -0.0512474
0.0582 -0.000333436 -0.0503493
0.0583 -0.000338426 -0.0494467
0.0584 -0.000343325 -0.0485397
0.0585 -0.000348134 -0.0476285
0.0586 -0.000352851 -0.0467131
0.0587 -0.000357476 -0.0457935
0.0588 -0.000362009 -0.04487
0.0589 -0.00036645 -0.0439426
0.059 -0.000370798 -0.0430113
0.0591 -0.000375052 -0.0420763
0.0592 -0.000379213 -0.0411376
0.0593 -0.00038328 -0.0401954
0.0594 -0.000387252 -0.0392498
0.0595 -0.000391129 -0.0383008
0.0596 -0.000394912 -0.0373485
0.0597 -0.000398599 -0.036393
0.0598 -0.00040219 -0.0354345
0.0599 -0.000405686 -0.034473
0.06 -0.000409085 -0.0335086
0.0601 -0.000412387 -0.0325415
0.0602 -0.000415593 -0.0315716
0.0603 -0.000418702 -0.0305991
0.0604 -0.000421713 -0.0296242
0.0605 -0.000424626 -0.0286468
0.0606 -0.000427442 -0.0276672
0.0607 -0.00043016 -0.0266853
0.0608 -0.000432779 -0.0257013
0.0609 -0.0004353 -0.0247153
0.061 -0.000437722 -0.0237274
0.0611 -0.000440045 -0.0227377
0.0612 -0.00044227 -0.0217462
0.0613 -0.000444395 -0.0207532
0.0614 -0.00044642 -0.0197586
0.0615 -0.000448346 -0.0187626
0.0616 -0.000450173 -0.0177652
0.0617 -0.000451899 -0.0167667
0.0618 -0.000453526 -0.015767
0.0619 -0.000455053 -0.0147663
0.062 -0.000456479 -0.0137647
0.0621 -0.000457806 -0.0127622
0.0622 -0.000459032 -0.0117591
0.0623 -0.000460157 -0.0107553
0.0624 -0.000461183 -0.00975093
0.0625 -0.000462107 -0.00874618
0.0626 -0.000462932 -0.0077411
0.0627 -0.000463656 -0.00673579
0.0628 -0.000464279 -0.00573036
0.0629 -0.000464802 -0.0047249
0.063 -0.000465224 -0.00371952
0.0631 -0.000465546 -0.00271431
0.0632 -0.000465767 -0.00170937
0.0633 -0.000465888 -0.000704804
0.0634 -0.000465908 0.000299287
0.0635 -0.000465828 0.0013028
0.0636 -0.000465647 0.00230565
0.0637 -0.000465367 0.00330772
0.0638 -0.000464986 0.00430892
0.0639 -0.000464505 0.00530914
0.064 -0.000463924 0.0063083
0.0641 -0.000463243 0.00730628
0.0642 -0.000462463 0.008303
0.0643 -0.000461583 0.00929834
0.0644 -0.000460603 0.0102922
0.0645 -0.000459524 0.0112845
0.0646 -0.000458346 0.0122752
0.0647 -0.000457069 0.013264
0.0648 -0.000455694 0.0142511
0.0649 -0.000454219 0.0152361
0.065 -0.000452646 0.0162191
0.0651 -0.000450975 0.0172
0.0652 -0.000449206 0.0181785
0.0653 -0.00044734 0.0191548
0.0654 -0.000445376 0.0201286
0.0655 -0.000443314 0.0210998
0.0656 -0.000441156 0.0220684
0.0657 -0.000438901 0.0230343
0.0658 -0.000436549 0.0239973
0.0659 -0.000434101 0.0249574
0.066 -0.000431558 0.0259145
0.0661 -0.000428918 0.0268684
0.0662 -0.000426184 0.0278191
0.0663 -0.000423355 0.0287666
0.0664 -0.000420431 0.0297106
0.0665 -0.000417413 0.0306511
0.0666 -0.000414301 0.031588
0.0667 -0.000411095 0.0325213
0.0668 -0.000407797 0.0334507
0.0669 -0.000404405 0.0343763
0.067 -0.000400921 0.035298
0.0671 -0.000397346 0.0362156
0.0672 -0.000393678 0.037129
0.0673 -0.00038992 0.0380382
0.0674 -0.000386071 0.0389431
0.0675 -0.000382132 0.0398435
0.0676 -0.000378102 0.0407395
0.0677 -0.000373984 0.0416308
0.0678 -0.000369776 0.0425175
0.0679 -0.000365481 0.0433994
0.068 -0.000361097 0.0442765
0.0681 -0.000356625 0.0451486
0.0682 -0.000352067 0.0460156
0.0683 -0.000347422 0.0468776
0.0684 -0.000342692 0.0477343
0.0685 -0.000337876 0.0485858
0.0686 -0.000332975 0.0494318
0.0687 -0.00032799 0.0502724
0.0688 -0.000322921 0.0511075
0.0689 -0.000317768 0.051937
0.069 -0.000312533 0.0527607
0.0691 -0.000307216 0.0535787
0.0692 -0.000301818 0.0543907
0.0693 -0.000296338 0.0551969
0.0694 -0.000290779 0.055997
0.0695 -0.000285139 0.056791
0.0696 -0.000279421 0.0575788
0.0697 -0.000273624 0.0583603
0.0698 -0.000267749 0.0591355
0.0699 -0.000261797 0.0599042
0.07 -0.000255768 0.0606665
0.0701 -0.000249664 0.0614222
0.0702 -0.000243484 0.0621712
0.0703 -0.00023723 0.0629135
0.0704 -0.000230901 0.063649
0.0705 -0.0002245 0.0643777
0.0706 -0.000218026 0.0650994
0.0707 -0.00021148 0.0658141
0.0708 -0.000204864 0.0665217
0.0709 -0.000198176 0.0672221
0.071 -0.000191419 0.0679153
0.0711 -0.000184594 0.0686012
0.0712 -0.000177699 0.0692798
0.0713 -0.000170738 0.0699509
0.0714 -0.00016371 0.0706145
0.0715 -0.000156615 0.0712706
0.0716 -0.000149456 0.0719191
0.0717 -0.000142232 0.0725598
0.0718 -0.000134944 0.0731928
0.0719 -0.000127593 0.073818
0.072 -0.000120181 0.0744353
0.0721 -0.000112707 0.0750446
0.0722 -0.000105172 0.075646
0.0723 -9.75776e-05 0.0762393
0.0724 -8.99244e-05 0.0768244
0.0725 -8.2213e-05 0.0774014
0.0726 -7.44444e-05 0.0779702
0.0727 -6.66193e-05 0.0785306
0.0728 -5.87385e-05 0.0790827
0.0729 -5.0803e-05 0.0796264
0.073 -4.28135e-05 0.0801617
0.0731 -3.47709e-05 0.0806884
0.0732 -2.66761e-05 0.0812066
0.0733 -1.85299e-05 0.0817162
0.0734 -1.03332e-05 0.0822171
0.0735 -2.08676e-06 0.0827093
0.0736 6.20842e-06 0.0831927
0.0737 1.45515e-05 0.0836674
0.0738 2.29416e-05 0.0841331
0.0739 3.13778e-05 0.08459
0.074 3.98593e-05 0.0850379
0.0741 4.83851e-05 0.0854768
0.0742 5.69544e-05 0.0859067
0.0743 6.55662e-05 0.0863276
0.0744 7.42196e-05 0.0867392
0.0745 8.29137e-05 0.0871418
0.0746 9.16476e-05 0.0875351
0.0747 0.00010042 0.0879192
0.0748 0.000109231 0.088294
0.0749 0.000118079 0.0886595
0.075 0.000126963 0.0890157
0.0751 0.000135882 0.0893625
0.0752 0.000144835 0.0896998
0.0753 0.000153821 0.0900277
0.0754 0.00016284 0.0903461
0.0755 0.00017189 0.090655
0.0756 0.000180971 0.0909544
0.0757 0.000190081 0.0912441
0.0758 0.000199219 0.0915243
0.0759 0.000208385 0.0917949
0.076 0.000217578 0.0920557
0.0761 0.000226796 0.0923069
0.0762 0.000236039 0.0925484
0.0763 0.000245306 0.0927802
0.0764 0.000254595 0.0930022
0.0765 0.000263906 0.0932144
0.0766 0.000273237 0.0934168
0.0767 0.000282589 0.0936095
0.0768 0.000291959 0.0937922
0.0769 0.000301347 0.0939652
0.077 0.000310752 0.0941282
0.0771 0.000320172 0.0942814
0.0772 0.000329608 0.0944246
0.0773 0.000339057 0.094558
0.0774 0.000348519 0.0946814
0.0775 0.000357993 0.0947949
0.0776 0.000367477 0.0948984
0.0777 0.000376972 0.094992
0.0778 0.000386476 0.0950756
0.0779 0.000395987 0.0951492
0.078 0.000405505 0.0952128
0.0781 0.000415029 0.0952665
0.0782 0.000424558 0.0953101
0.0783 0.000434091 0.0953438
0.0784 0.000443626 0.0953674
0.0785 0.000453164 0.0953811
0.0786 0.000462702 0.0953847
0.0787 0.000472241 0.0953784
0.0788 0.000481778 0.095362
0.0789 0.000491313 0.0953357
0.079 0.000500844 0.0952993
0.0791 0.000510372 0.0952529
0.0792 0.000519895 0.0951966
0.0793 0.000529411 0.0951303
0.0794 0.00053892 0.095054
0.0795 0.000548422 0.0949677
0.0796 0.000557914 0.0948715
0.0797 0.000567396 0.0947653
0.0798 0.000576866 0.0946492
0.0799 0.000586325 0.0945231
0.08 0.000595771 0.0943872
0.0801 0.000605202 0.0942413
0.0802 0.000614619 0.0940856
0.0803 0.000624019 0.09392
0.0804 0.000633402 0.0937445
0.0805 0.000642768 0.0935592
0.0806 0.000652114 0.0933641
0.0807 0.00066144 0.0931593
0.0808 0.000670745 0.0929446
0.0809 0.000680029 0.0927202
0.081 0.000689289 0.092486
0.0811 0.000698525 0.0922422
0.0812 0.000707737 0.0919887
0.0813 0.000716923 0.0917255
0.0814 0.000726082 0.0914527
0.0815 0.000735213 0.0911703
0.0816 0.000744316 0.0908783
0.0817 0.000753388 0.0905768
0.0818 0.000762431 0.0902658
0.0819 0.000771441 0.0899453
0.082 0.000780419 0.0896154
0.0821 0.000789364 0.089276
0.0822 0.000798274 0.0889273
0.0823 0.000807149 0.0885692
0.0824 0.000815988 0.0882018
0.0825 0.000824789 0.0878252
0.0826 0.000833553 0.0874393
0.0827 0.000842277 0.0870443
0.0828 0.000850961 0.08664
0.0829 0.000859605 0.0862267
0.083 0.000868206 0.0858043
0.0831 0.000876765 0.0853729
0.0832 0.00088528 0.0849325
0.0833 0.000893751 0.0844831
0.0834 0.000902177 0.0840249
0.0835 0.000910556 0.0835578
0.0836 0.000918888 0.0830819
0.0837 0.000927172 0.0825973
0.0838 0.000935407 0.082104
0.0839 0.000943593 0.081602
0.084 0.000951727 0.0810914
0.0841 0.000959811 0.0805722
0.0842 0.000967841 0.0800446
0.0843 0.000975819 0.0795085
0.0844 0.000983743 0.078964
0.0845 0.000991612 0.0784112
0.0846 0.000999425 0.0778501
0.0847 0.00100718 0.0772808
0.0848 0.00101488 0.0767033
0.0849 0.00102252 0.0761177
0.085 0.0010301 0.0755241
0.0851 0.00103763 0.0749225
0.0852 0.00104509 0.0743129
0.0853 0.00105249 0.0736955
0.0854 0.00105983 0.0730703
0.0855 0.0010671 0.0724373
0.0856 0.00107431 0.0717966
0.0857 0.00108146 0.0711484
0.0858 0.00108854 0.0704926
0.0859 0.00109556 0.0698293
0.086 0.00110251 0.0691586
0.0861 0.00110939 0.0684805
0.0862 0.00111621 0.0677952
0.0863 0.00112295 0.0671026
0.0864 0.00112963 0.0664029
0.0865 0.00113623 0.0656962
0.0866 0.00114276 0.0649824
0.0867 0.00114923 0.0642617
0.0868 0.00115562 0.0635342
0.0869 0.00116193 0.0627998
0.087 0.00116818 0.0620588
0.0871 0.00117434 0.0613111
0.0872 0.00118044 0.0605569
0.0873 0.00118646 0.0597962
0.0874 0.0011924 0.0590291
0.0875 0.00119826 0.0582556
0.0876 0.00120405 0.0574759
0.0877 0.00120976 0.0566901
0.0878 0.00121539 0.0558981
0.0879 0.00122094 0.0551001
0.088 0.00122641 0.0542962
0.0881 0.0012318 0.0534864
0.0882 0.0012371 0.0526709
0.0883 0.00124233 0.0518497
0.0884 0.00124747 0.0510228
0.0885 0.00125253 0.0501905
0.0886 0.00125751 0.0493527
0.0887 0.0012624 0.0485095
0.0888 0.00126721 0.0476611
0.0889 0.00127194 0.0468075
0.089 0.00127657 0.0459487
0.0891 0.00128113 0.045085
0.0892 0.00128559 0.0442164
0.0893 0.00128997 0.0433428
0.0894 0.00129426 0.0424646
0.0895 0.00129846 0.0415817
0.0896 0.00130258 0.0406942
0.0897 0.0013066 0.0398022
0.0898 0.00131054 0.0389058
0.0899 0.00131438 0.0380051
0.09 0.00131814 0.0371003
0.0901 0.0013218 0.0361912
0.0902 0.00132537 0.0352782
0.0903 0.00132886 0.0343612
0.0904 0.00133225 0.0334403
0.0905 0.00133554 0.0325157
0.0906 0.00133875 0.0315874
0.0907 0.00134186 0.0306556
0.0908 0.00134488 0.0297203
0.0909 0.00134781 0.0287816
0.091 0.00135064 0.0278396
0.0911 0.00135337 0.0268944
0.0912 0.00135602 0.0259461
0.0913 0.00135856 0.0249948
0.0914 0.00136101 0.0240406
0.0915 0.00136337 0.0230836
0.0916 0.00136563 0.0221238
0.0917 0.0013678 0.0211615
0.0918 0.00136986 0.0201966
0.0919 0.00137183 0.0192293
0.092 0.00137371 0.0182596
0.0921 0.00137549 0.0172878
0.0922 0.00137717 0.0163137
0.0923 0.00137875 0.0153377
0.0924 0.00138023 0.0143597
0.0925 0.00138162 0.0133799
0.0926 0.00138291 0.0123983
0.0927 0.0013841 0.0114151
0.0928 0.00138519 0.0104303
0.0929 0.00138619 0.00944414
0.093 0.00138708 0.00845658
0.0931 0.00138788 0.00746778
0.0932 0.00138858 0.00647783
0.0933 0.00138917 0.00548682
0.0934 0.00138967 0.00449487
0.0935 0.00139007 0.00350207
0.0936 0.00139037 0.00250851
0.0937 0.00139057 0.0015143
0.0938 0.00139068 0.000519547
0.0939 0.00139068 -0.000475663
0.094 0.00139058 -0.00147122
0.0941 0.00139038 -0.00246704
0.0942 0.00139009 -0.003463
0.0943 0.00138969 -0.00445902
0.0944 0.0013892 -0.00545499
0.0945 0.0013886 -0.00645081
0.0946 0.00138791 -0.00744638
0.0947 0.00138711 -0.0084416
0.0948 0.00138622 -0.00943638
0.0949 0.00138522 -0.0104306
0.095 0.00138413 -0.0114242
0.0951 0.00138294 -0.012417
0.0952 0.00138165 -0.013409
0.0953 0.00138026 -0.0144
0.0954 0.00137877 -0.01539
0.0955 0.00137718 -0.0163789
0.0956 0.00137549 -0.0173665
0.0957 0.00137371 -0.0183527
0.0958 0.00137182 -0.0193376
0.0959 0.00136984 -0.0203208
0.096 0.00136776 -0.0213025
0.0961 0.00136558 -0.0222824
0.0962 0.0013633 -0.0232604
0.0963 0.00136093 -0.0242365
0.0964 0.00135845 -0.0252106
0.0965 0.00135588 -0.0261826
0.0966 0.00135322 -0.0271523
0.0967 0.00135045 -0.0281197
0.0968 0.00134759 -0.0290847
0.0969 0.00134464 -0.0300471
0.097 0.00134158 -0.031007
0.0971 0.00133844 -0.0319641
0.0972 0.00133519 -0.0329184
0.0973 0.00133185 -0.0338698
0.0974 0.00132842 -0.0348182
0.0975 0.00132489 -0.0357635
0.0976 0.00132126 -0.0367056
0.0977 0.00131755 -0.0376445
0.0978 0.00131374 -0.0385799
0.0979 0.00130983 -0.0395119
0.098 0.00130583 -0.0404403
0.0981 0.00130174 -0.041365
0.0982 0.00129756 -0.042286
0.0983 0.00129329 -0.0432032
0.0984 0.00128892 -0.0441164
0.0985 0.00128446 -0.0450256
0.0986 0.00127992 -0.0459306
0.0987 0.00127528 -0.0468315
0.0988 0.00127055 -0.047728
0.0989 0.00126573 -0.0486202
0.099 0.00126083 -0.0495079
0.0991 0.00125583 -0.050391
0.0992 0.00125075 -0.0512694
0.0993 0.00124558 -0.0521431
0.0994 0.00124032 -0.0530119
0.0995 0.00123497 -0.0538759
0.0996 0.00122954 -0.0547348
0.0997 0.00122403 -0.0555886
0.0998 0.00121843 -0.0564372
0.0999 0.00121274 -0.0572806
0.1 0.00120697 -0.0581186
0.1001 0.00120112 -0.0589512
0.1002 0.00119518 -0.0597783
0.1003 0.00118916 -0.0605998
0.1004 0.00118306 -0.0614155
0.1005 0.00117688 -0.0622255
0.1006 0.00117062 -0.0630297
0.1007 0.00116427 -0.0638279
0.1008 0.00115785 -0.0646201
0.1009 0.00115135 -0.0654063
0.101 0.00114477 -0.0661862
0.1011 0.00113811 -0.06696
0.1012 0.00113138 -0.0677273
0.1013 0.00112457 -0.0684883
0.1014 0.00111768 -0.0692428
0.1015 0.00111072 -0.0699908
0.1016 0.00110368 -0.0707321
0.1017 0.00109657 -0.0714668
0.1018 0.00108939 -0.0721946
0.1019 0.00108213 -0.0729156
0.102 0.00107481 -0.0736297
0.1021 0.00106741 -0.0743367
0.1022 0.00105994 -0.0750368
0.1023 0.0010524 -0.0757296
0.1024 0.00104479 -0.0764153
0.1025 0.00103712 -0.0770937
0.1026 0.00102937 -0.0777647
0.1027 0.00102156 -0.0784284
0.1028 0.00101369 -0.0790845
0.1029 0.00100575 -0.0797332
0.103 0.000997743 -0.0803742
0.1031 0.000989674 -0.0810075
0.1032 0.000981542 -0.0816331
0.1033 0.000973347 -0.0822509
0.1034 0.000965092 -0.0828608
0.1035 0.000956775 -0.0834629
0.1036 0.000948399 -0.0840569
0.1037 0.000939964 -0.0846429
0.1038 0.000931471 -0.0852208
0.1039 0.00092292 -0.0857905
0.104 0.000914313 -0.086352
0.1041 0.00090565 -0.0869052
0.1042 0.000896932 -0.0874501
0.1043 0.000888161 -0.0879866
0.1044 0.000879335 -0.0885147
0.1045 0.000870458 -0.0890343
0.1046 0.000861529 -0.0895453
0.1047 0.000852549 -0.0900478
0.1048 0.00084352 -0.0905416
0.1049 0.000834441 -0.0910267
0.105 0.000825315 -0.091503
0.1051 0.000816141 -0.0919706
0.1052 0.000806921 -0.0924293
0.1053 0.000797655 -0.0928792
0.1054 0.000788345 -0.0933201
0.1055 0.000778991 -0.093752
0.1056 0.000769595 -0.0941749
0.1057 0.000760157 -0.0945888
0.1058 0.000750678 -0.0949935
0.1059 0.000741158 -0.0953891
0.106 0.0007316 -0.0957755
0.1061 0.000722004 -0.0961527
0.1062 0.00071237 -0.0965206
0.1063 0.0007027 -0.0968792
0.1064 0.000692994 -0.0972285
0.1065 0.000683254 -0.0975684
0.1066 0.000673481 -0.097899
0.1067 0.000663675 -0.09822
0.1068 0.000653837 -0.0985316
0.1069 0.000643969 -0.0988337
0.107 0.000634071 -0.0991263
0.1071 0.000624144 -0.0994093
0.1072 0.000614189 -0.0996827
0.1073 0.000604208 -0.0999465
0.1074 0.0005942 -0.100201
0.1075 0.000584168 -0.100445
0.1076 0.000574112 -0.10068
0.1077 0.000564032 -0.100905
0.1078 0.000553931 -0.10112
0.1079 0.000543809 -0.101326
0.108 0.000533666 -0.101522
0.1081 0.000523505 -0.101708
0.1082 0.000513325 -0.101884
0.1083 0.000503128 -0.10205
0.1084 0.000492915 -0.102206
0.1085 0.000482687 -0.102353
0.1086 0.000472445 -0.10249
0.1087 0.00046219 -0.102616
0.1088 0.000451922 -0.102733
0.1089 0.000441643 -0.10284
0.109 0.000431354 -0.102937
0.1091 0.000421056 -0.103024
0.1092 0.00041075 -0.103101
0.1093 0.000400436 -0.103168
0.1094 0.000390116 -0.103225
0.1095 0.000379791 -0.103273
0.1096 0.000369462 -0.10331
0.1097 0.00035913 -0.103337
0.1098 0.000348795 -0.103354
0.1099 0.000338459 -0.103361
0.11 0.000328123 -0.103358
0.1101 0.000317788 -0.103346
0.1102 0.000307455 -0.103323
0.1103 0.000297124 -0.10329
0.1104 0.000286797 -0.103247
0.1105 0.000276475 -0.103194
0.1106 0.000266158 -0.103132
0.1107 0.000255849 -0.103059
0.1108 0.000245547 -0.102976
0.1109 0.000235254 -0.102884
0.111 0.00022497 -0.102781
0.1111 0.000214698 -0.102668
0.1112 0.000204437 -0.102546
0.1113 0.000194189 -0.102413
0.1114 0.000183955 -0.102271
0.1115 0.000173735 -0.102119
0.1116 0.000163531 -0.101957
0.1117 0.000153344 -0.101785
0.1118 0.000143175 -0.101603
0.1119 0.000133024 -0.101411
0.112 0.000122893 -0.10121
0.1121 0.000112782 -0.100999
0.1122 0.000102693 -0.100778
0.1123 9.26269e-05 -0.100547
0.1124 8.25842e-05 -0.100307
0.1125 7.25659e-05 -0.100056
0.1126 6.25732e-05 -0.0997966
0.1127 5.26069e-05 -0.0995271
0.1128 4.26681e-05 -0.099248
0.1129 3.27577e-05 -0.0989593
0.113 2.28766e-05 -0.0986611
0.1131 1.30258e-05 -0.0983533
0.1132 3.20622e-06 -0.098036
0.1133 -6.58112e-06 -0.0977092
0.1134 -1.63353e-05 -0.097373
0.1135 -2.60554e-05 -0.0970273
0.1136 -3.57405e-05 -0.0966723
0.1137 -4.53895e-05 -0.096308
0.1138 -5.50017e-05 -0.0959343
0.1139 -6.45761e-05 -0.0955514
0.114 -7.41117e-05 -0.0951592
0.1141 -8.36076e-05 -0.0947579
0.1142 -9.3063e-05 -0.0943474
0.1143 -0.000102477 -0.0939278
0.1144 -0.000111848 -0.0934991
0.1145 -0.000121176 -0.0930615
0.1146 -0.00013046 -0.0926148
0.1147 -0.000139699 -0.0921592
0.1148 -0.000148892 -0.0916947
0.1149 -0.000158038 -0.0912213
0.115 -0.000167136 -0.0907392
0.1151 -0.000176185 -0.0902483
0.1152 -0.000185185 -0.0897487
0.1153 -0.000194135 -0.0892404
0.1154 -0.000203033 -0.0887236
0.1155 -0.000211879 -0.0881982
0.1156 -0.000220672 -0.0876642
0.1157 -0.000229412 -0.0871219
0.1158 -0.000238096 -0.0865712
0.1159 -0.000246726 -0.0860121
0.116 -0.000255298 -0.0854447
0.1161 -0.000263814 -0.0848691
0.1162 -0.000272272 -0.0842854
0.1163 -0.000280671 -0.0836935
0.1164 -0.00028901 -0.0830936
0.1165 -0.00029729 -0.0824857
0.1166 -0.000305507 -0.0818698
0.1167 -0.000313663 -0.0812461
0.1168 -0.000321756 -0.0806146
0.1169 -0.000329786 -0.0799754
0.117 -0.000337751 -0.0793284
0.1171 -0.000345651 -0.0786739
0.1172 -0.000353486 -0.0780118
0.1173 -0.000361253 -0.0773422
0.1174 -0.000368954 -0.0766652
0.1175 -0.000376586 -0.0759808
0.1176 -0.00038415 -0.0752892
0.1177 -0.000391644 -0.0745903
0.1178 -0.000399068 -0.0738843
0.1179 -0.00040642 -0.0731712
0.118 -0.000413702 -0.0724511
0.1181 -0.00042091 -0.0717241
0.1182 -0.000428046 -0.0709902
0.1183 -0.000435108 -0.0702496
0.1184 -0.000442096 -0.0695022
0.1185 -0.000449008 -0.0687482
0.1186 -0.000455845 -0.0679876
0.1187 -0.000462606 -0.0672205
0.1188 -0.000469289 -0.0664471
0.1189 -0.000475895 -0.0656672
0.119 -0.000482422 -0.0648812
0.1191 -0.000488871 -0.0640889
0.1192 -0.00049524 -0.0632906
0.1193 -0.000501529 -0.0624862
0.1194 -0.000507737 -0.0616759
0.1195 -0.000513864 -0.0608598
0.1196 -0.000519909 -0.0600378
0.1197 -0.000525871 -0.0592102
0.1198 -0.000531751 -0.0583769
0.1199 -0.000537546 -0.0575382
0.12 -0.000543258 -0.0566939
0.1201 -0.000548885 -0.0558443
0.1202 -0.000554427 -0.0549895
0.1203 -0.000559883 -0.0541294
0.1204 -0.000565253 -0.0532642
0.1205 -0.000570535 -0.0523941
0.1206 -0.000575731 -0.0515189
0.1207 -0.000580839 -0.050639
0.1208 -0.000585859 -0.0497542
0.1209 -0.00059079 -0.0488648
0.121 -0.000595632 -0.0479709
0.1211 -0.000600384 -0.0470724
0.1212 -0.000605046 -0.0461695
0.1213 -0.000609618 -0.0452623
0.1214 -0.000614098 -0.0443509
0.1215 -0.000618488 -0.0434353
0.1216 -0.000622785 -0.0425158
0.1217 -0.000626991 -0.0415922
0.1218 -0.000631104 -0.0406648
0.1219 -0.000635123 -0.0397337
0.122 -0.00063905 -0.0387988
0.1221 -0.000642883 -0.0378604
0.1222 -0.000646622 -0.0369185
0.1223 -0.000650267 -0.0359732
0.1224 -0.000653817 -0.0350246
0.1225 -0.000657272 -0.0340728
0.1226 -0.000660631 -0.0331179
0.1227 -0.000663895 -0.03216
0.1228 -0.000667063 -0.0311992
0.1229 -0.000670135 -0.0302355
0.123 -0.00067311 -0.0292692
0.1231 -0.000675988 -0.0283002
0.1232 -0.00067877 -0.0273286
0.1233 -0.000681454 -0.0263546
0.1234 -0.000684041 -0.0253783
0.1235 -0.00068653 -0.0243998
0.1236 -0.000688921 -0.0234191
0.1237 -0.000691213 -0.0224363
0.1238 -0.000693408 -0.0214516
0.1239 -0.000695504 -0.0204651
0.124 -0.000697501 -0.0194768
0.1241 -0.000699399 -0.0184868
0.1242 -0.000701198 -0.0174953
0.1243 -0.000702898 -0.0165024
0.1244 -0.000704499 -0.0155081
0.1245 -0.000706 -0.0145125
0.1246 -0.000707401 -0.0135158
0.1247 -0.000708703 -0.012518
0.1248 -0.000709905 -0.0115192
0.1249 -0.000711007 -0.0105196
0.125 -0.000712009 -0.00951925
0.1251 -0.00071291 -0.00851822
0.1252 -0.000713712 -0.00751664
0.1253 -0.000714414 -0.00651459
0.1254 -0.000715015 -0.00551218
0.1255 -0.000715516 -0.00450951
0.1256 -0.000715917 -0.00350667
0.1257 -0.000716217 -0.00250378
0.1258 -0.000716418 -0.00150093
0.1259 -0.000716518 -0.000498214
0.126 -0.000716517 0.00050426
0.1261 -0.000716417 0.0015064
0.1262 -0.000716216 0.00250809
0.1263 -0.000715915 0.00350925
0.1264 -0.000715514 0.00450977
0.1265 -0.000715013 0.00550955
0.1266 -0.000714412 0.00650849
0.1267 -0.000713712 0.0075065
0.1268 -0.000712911 0.00850346
0.1269 -0.000712011 0.00949929
0.127 -0.000711011 0.0104939
0.1271 -0.000709912 0.0114871
0.1272 -0.000708714 0.012479
0.1273 -0.000707416 0.0134693
0.1274 -0.00070602 0.0144579
0.1275 -0.000704525 0.0154449
0.1276 -0.000702931 0.01643
0.1277 -0.000701239 0.0174131
0.1278 -0.000699449 0.0183943
0.1279 -0.00069756 0.0193733
0.128 -0.000695574 0.0203501
0.1281 -0.00069349 0.0213246
0.1282 -0.000691309 0.0222967
0.1283 -0.000689031 0.0232662
0.1284 -0.000686656 0.0242332
0.1285 -0.000684185 0.0251974
0.1286 -0.000681617 0.0261589
0.1287 -0.000678953 0.0271174
0.1288 -0.000676193 0.028073
0.1289 -0.000673338 0.0290254
0.129 -0.000670388 0.0299747
0.1291 -0.000667344 0.0309207
0.1292 -0.000664204 0.0318634
0.1293 -0.000660971 0.0328025
0.1294 -0.000657644 0.0337381
0.1295 -0.000654223 0.0346701
0.1296 -0.00065071 0.0355983
0.1297 -0.000647104 0.0365227
0.1298 -0.000643406 0.0374431
0.1299 -0.000639615 0.0383595
0.13 -0.000635734 0.0392718
0.1301 -0.000631761 0.0401799
0.1302 -0.000627698 0.0410838
0.1303 -0.000623545 0.0419832
0.1304 -0.000619302 0.0428781
0.1305 -0.000614969 0.0437685
0.1306 -0.000610548 0.0446542
0.1307 -0.000606038 0.0455352
0.1308 -0.000601441 0.0464114
0.1309 -0.000596756 0.0472826
0.131 -0.000591985 0.0481489
0.1311 -0.000587127 0.04901
0.1312 -0.000582183 0.049866
0.1313 -0.000577154 0.0507167
0.1314 -0.00057204 0.0515621
0.1315 -0.000566841 0.052402
0.1316 -0.000561559 0.0532365
0.1317 -0.000556194 0.0540653
0.1318 -0.000550747 0.0548885
0.1319 -0.000545217 0.0557058
0.132 -0.000539606 0.0565174
0.1321 -0.000533914 0.057323
0.1322 -0.000528141 0.0581226
0.1323 -0.000522289 0.0589162
0.1324 -0.000516358 0.0597036
0.1325 -0.000510349 0.0604847
0.1326 -0.000504261 0.0612595
0.1327 -0.000498097 0.0620279
0.1328 -0.000491856 0.0627899
0.1329 -0.000485539 0.0635453
0.133 -0.000479147 0.0642941
0.1331 -0.000472681 0.0650361
0.1332 -0.00046614 0.0657714
0.1333 -0.000459527 0.0664999
0.1334 -0.000452841 0.0672214
0.1335 -0.000446083 0.067936
0.1336 -0.000439254 0.0686435
0.1337 -0.000432354 0.0693438
0.1338 -0.000425385 0.070037
0.1339 -0.000418347 0.0707229
0.134 -0.000411241 0.0714014
0.1341 -0.000404067 0.0720726
0.1342 -0.000396826 0.0727362
0.1343 -0.00038952 0.0733924
0.1344 -0.000382148 0.0740409
0.1345 -0.000374712 0.0746818
0.1346 -0.000367212 0.0753149
0.1347 -0.000359649 0.0759402
0.1348 -0.000352024 0.0765577
0.1349 -0.000344338 0.0771672
0.135 -0.000336591 0.0777688
0.1351 -0.000328785 0.0783623
0.1352 -0.000320919 0.0789477
0.1353 -0.000312995 0.079525
0.1354 -0.000305014 0.0800941
0.1355 -0.000296977 0.0806548
0.1356 -0.000288884 0.0812073
0.1357 -0.000280736 0.0817514
0.1358 -0.000272534 0.082287
0.1359 -0.000264278 0.0828142
0.136 -0.000255971 0.0833328
0.1361 -0.000247612 0.0838428
0.1362 -0.000239203 0.0843441
0.1363 -0.000230744 0.0848368
0.1364 -0.000222236 0.0853207
0.1365 -0.00021368 0.0857959
0.1366 -0.000205077 0.0862621
0.1367 -0.000196428 0.0867196
0.1368 -0.000187733 0.087168
0.1369 -0.000178994 0.0876075
0.137 -0.000170212 0.088038
0.1371 -0.000161387 0.0884594
0.1372 -0.00015252 0.0888717
0.1373 -0.000143613 0.0892749
0.1374 -0.000134666 0.0896689
0.1375 -0.00012568 0.0900537
0.1376 -0.000116655 0.0904292
0.1377 -0.000107594 0.0907954
0.1378 -9.84965e-05 0.0911522
0.1379 -8.93639e-05 0.0914997
0.138 -8.01969e-05 0.0918378
0.1381 -7.09966e-05 0.0921665
0.1382 -6.17639e-05 0.0924856
0.1383 -5.24998e-05 0.0927953
0.1384 -4.32052e-05 0.0930954
0.1385 -3.3881e-05 0.093386
0.1386 -2.45283e-05 0.093667
0.1387 -1.5148e-05 0.0939384
0.1388 -5.74095e-06 0.0942001
0.1389 3.69174e-06 0.0944521
0.139 1.31491e-05 0.0946944
0.1391 2.26303e-05 0.0949271
0.1392 3.21342e-05 0.0951499
0.1393 4.166e-05 0.095363
0.1394 5.12065e-05 0.0955663
0.1395 6.07729e-05 0.0957599
0.1396 7.03582e-05 0.0959435
0.1397 7.99613e-05 0.0961174
0.1398 8.95813e-05 0.0962813
0.1399 9.92172e-05 0.0964354
0.14 0.000108868 0.0965796
0.1401 0.000118533 0.0967139
0.1402 0.000128211 0.0968383
0.1403 0.0001379 0.0969527
0.1404 0.000147601 0.0970572
0.1405 0.000157311 0.0971517
0.1406 0.000167031 0.0972363
0.1407 0.000176758 0.0973109
0.1408 0.000186493 0.0973755
0.1409 0.000196233 0.0974301
0.141 0.000205978 0.0974748
0.1411 0.000215728 0.0975094
0.1412 0.00022548 0.097534
0.1413 0.000235234 0.0975487
0.1414 0.000244989 0.0975533
0.1415 0.000254744 0.097548
0.1416 0.000264498 0.0975326
0.1417 0.000274251 0.0975072
0.1418 0.000284 0.0974719
0.1419 0.000293745 0.0974265
0.142 0.000303485 0.0973712
0.1421 0.000313218 0.0973058
0.1422 0.000322945 0.0972305
0.1423 0.000332664 0.0971453
0.1424 0.000342374 0.09705
0.1425 0.000352074 0.0969449
0.1426 0.000361763 0.0968298
0.1427 0.00037144 0.0967047
0.1428 0.000381103 0.0965697
0.1429 0.000390753 0.0964249
0.143 0.000400388 0.0962701
0.1431 0.000410007 0.0961055
0.1432 0.000419609 0.0959311
0.1433 0.000429193 0.0957468
0.1434 0.000438758 0.0955526
0.1435 0.000448303 0.0953487
0.1436 0.000457827 0.095135
0.1437 0.00046733 0.0949116
0.1438 0.000476809 0.0946784
0.1439 0.000486265 0.0944355
0.144 0.000495696 0.0941829
0.1441 0.000505101 0.0939207
0.1442 0.00051448 0.0936488
0.1443 0.000523831 0.0933673
0.1444 0.000533153 0.0930763
0.1445 0.000542446 0.0927757
0.1446 0.000551708 0.0924656
0.1447 0.000560938 0.092146
0.1448 0.000570137 0.0918169
0.1449 0.000579302 0.0914785
0.145 0.000588432 0.0911306
0.1451 0.000597527 0.0907734
0.1452 0.000606586 0.0904069
0.1453 0.000615608 0.0900311
0.1454 0.000624592 0.089646
0.1455 0.000633537 0.0892518
0.1456 0.000642442 0.0888484
0.1457 0.000651307 0.0884358
0.1458 0.000660129 0.0880142
0.1459 0.000668909 0.0875836
0.146 0.000677646 0.0871439
0.1461 0.000686338 0.0866953
0.1462 0.000694984 0.0862378
0.1463 0.000703585 0.0857715
0.1464 0.000712138 0.0852963
0.1465 0.000720644 0.0848124
0.1466 0.000729101 0.0843197
0.1467 0.000737508 0.0838184
0.1468 0.000745864 0.0833085
0.1469 0.000754169 0.08279
0.147 0.000762422 0.082263
0.1471 0.000770621 0.0817275
0.1472 0.000778767 0.0811836
0.1473 0.000786858 0.0806314
0.1474 0.000794893 0.0800709
0.1475 0.000802872 0.0795021
0.1476 0.000810793 0.0789252
0.1477 0.000818656 0.0783401
0.1478 0.000826461 0.0777469
0.1479 0.000834206 0.0771458
0.148 0.00084189 0.0765367
0.1481 0.000849513 0.0759197
0.1482 0.000857073 0.0752949
0.1483 0.000864571 0.0746624
0.1484 0.000872006 0.0740221
0.1485 0.000879375 0.0733743
0.1486 0.00088668 0.0727188
0.1487 0.000893919 0.0720558
0.1488 0.000901091 0.0713855
0.1489 0.000908196 0.0707077
0.149 0.000915232 0.0700226
0.1491 0.0009222 0.0693304
0.1492 0.000929098 0.0686309
0.1493 0.000935926 0.0679244
0.1494 0.000942683 0.0672108
0.1495 0.000949368 0.0664903
0.1496 0.000955981 0.0657629
0.1497 0.00096252 0.0650287
0.1498 0.000968986 0.0642878
0.1499 0.000975378 0.0635402
0.15 0.000981694 0.0627861
0.1501 0.000987935 0.0620254
0.1502 0.000994099 0.0612583
0.1503 0.00100019 0.0604849
0.1504 0.0010062 0.0597052
0.1505 0.00101213 0.0589192
0.1506 0.00101798 0.0581272
0.1507 0.00102375 0.0573291
0.1508 0.00102944 0.0565251
0.1509 0.00103506 0.0557152
0.151 0.00104059 0.0548995
0.1511 0.00104604 0.0540781
0.1512 0.0010514 0.0532511
0.1513 0.00105669 0.0524185
0.1514 0.00106189 0.0515804
0.1515 0.001067 0.050737
0.1516 0.00107203 0.0498882
0.1517 0.00107698 0.0490343
0.1518 0.00108184 0.0481752
0.1519 0.00108662 0.0473111
0.152 0.0010913 0.046442
0.1521 0.0010959 0.0455681
0.1522 0.00110042 0.0446894
0.1523 0.00110484 0.043806
0.1524 0.00110918 0.0429179
0.1525 0.00111342 0.0420254
0.1526 0.00111758 0.0411285
0.1527 0.00112165 0.0402272
0.1528 0.00112563 0.0393217
0.1529 0.00112951 0.038412
0.153 0.00113331 0.0374983
0.1531 0.00113701 0.0365806
0.1532 0.00114063 0.035659
0.1533 0.00114415 0.0347336
0.1534 0.00114757 0.0338046
0.1535 0.00115091 0.0328719
0.1536 0.00115415 0.0319358
0.1537 0.00115729 0.0309962
0.1538 0.00116035 0.0300533
0.1539 0.0011633 0.0291072
0.154 0.00116617 0.0281579
0.1541 0.00116894 0.0272057
0.1542 0.00117161 0.0262504
0.1543 0.00117419 0.0252924
0.1544 0.00117667 0.0243316
0.1545 0.00117905 0.0233681
0.1546 0.00118134 0.0224021
0.1547 0.00118353 0.0214337
0.1548 0.00118563 0.0204628
0.1549 0.00118762 0.0194897
0.155 0.00118952 0.0185145
0.1551 0.00119133 0.0175372
0.1552 0.00119303 0.0165579
0.1553 0.00119464 0.0155767
0.1554 0.00119615 0.0145938
0.1555 0.00119756 0.0136092
0.1556 0.00119887 0.012623
0.1557 0.00120008 0.0116354
0.1558 0.0012012 0.0106463
0.1559 0.00120221 0.00965603
0.156 0.00120313 0.00866455
0.1561 0.00120394 0.00767198
0.1562 0.00120466 0.00667843
0.1563 0.00120528 0.005684
0.1564 0.0012058 0.00468879
0.1565 0.00120622 0.0036929
0.1566 0.00120654 0.00269642
0.1567 0.00120676 0.00169947
0.1568 0.00120688 0.000702133
0.1569 0.0012069 -0.000295485
0.157 0.00120682 -0.00129328
0.1571 0.00120664 -0.00229117
0.1572 0.00120636 -0.00328903
0.1573 0.00120598 -0.00428677
0.1574 0.0012055 -0.0052843
0.1575 0.00120492 -0.00628151
0.1576 0.00120425 -0.0072783
0.1577 0.00120347 -0.00827457
0.1578 0.00120259 -0.00927023
0.1579 0.00120161 -0.0102652
0.158 0.00120054 -0.0112593
0.1581 0.00119936 -0.0122525
0.1582 0.00119809 -0.0132447
0.1583 0.00119671 -0.0142357
0.1584 0.00119524 -0.0152256
0.1585 0.00119367 -0.0162141
0.1586 0.001192 -0.0172013
0.1587 0.00119023 -0.0181869
0.1588 0.00118836 -0.0191709
0.1589 0.00118639 -0.0201532
0.159 0.00118433 -0.0211337
0.1591 0.00118217 -0.0221122
0.1592 0.00117991 -0.0230888
0.1593 0.00117755 -0.0240633
0.1594 0.00117509 -0.0250356
0.1595 0.00117254 -0.0260055
0.1596 0.00116989 -0.0269731
0.1597 0.00116715 -0.0279382
0.1598 0.00116431 -0.0289007
0.1599 0.00116137 -0.0298605
0.16 0.00115833 -0.0308176
0.1601 0.0011552 -0.0317717
0.1602 0.00115198 -0.0327229
0.1603 0.00114866 -0.033671
0.1604 0.00114525 -0.034616
0.1605 0.00114174 -0.0355577
0.1606 0.00113813 -0.036496
0.1607 0.00113444 -0.0374309
0.1608 0.00113065 -0.0383623
0.1609 0.00112677 -0.03929
0.161 0.00112279 -0.040214
0.1611 0.00111872 -0.0411342
0.1612 0.00111456 -0.0420504
0.1613 0.00111031 -0.0429627
0.1614 0.00110597 -0.0438709
0.1615 0.00110154 -0.0447749
0.1616 0.00109702 -0.0456746
0.1617 0.0010924 -0.0465699
0.1618 0.0010877 -0.0474608
0.1619 0.00108291 -0.0483472
0.162 0.00107803 -0.0492289
0.1621 0.00107307 -0.0501059
0.1622 0.00106801 -0.050978
0.1623 0.00106287 -0.0518453
0.1624 0.00105764 -0.0527076
0.1625 0.00105233 -0.0535649
0.1626 0.00104693 -0.0544169
0.1627 0.00104145 -0.0552638
0.1628 0.00103588 -0.0561053
0.1629 0.00103023 -0.0569413
0.163 0.00102449 -0.0577719
0.1631 0.00101867 -0.058597
0.1632 0.00101277 -0.0594163
0.1633 0.00100679 -0.0602299
0.1634 0.00100072 -0.0610377
0.1635 0.000994581 -0.0618396
0.1636 0.000988357 -0.0626355
0.1637 0.000982054 -0.0634253
0.1638 0.000975672 -0.064209
0.1639 0.000969213 -0.0649865
0.164 0.000962675 -0.0657576
0.1641 0.000956061 -0.0665224
0.1642 0.000949371 -0.0672807
0.1643 0.000942605 -0.0680325
0.1644 0.000935765 -0.0687777
0.1645 0.00092885 -0.0695162
0.1646 0.000921862 -0.0702479
0.1647 0.000914801 -0.0709729
0.1648 0.000907667 -0.0716909
0.1649 0.000900463 -0.0724019
0.165 0.000893187 -0.0731059
0.1651 0.000885842 -0.0738028
0.1652 0.000878427 -0.0744925
0.1653 0.000870944 -0.0751749
0.1654 0.000863392 -0.07585
0.1655 0.000855774 -0.0765178
0.1656 0.000848089 -0.077178
0.1657 0.000840338 -0.0778308
0.1658 0.000832523 -0.0784759
0.1659 0.000824643 -0.0791134
0.166 0.000816701 -0.0797432
0.1661 0.000808695 -0.0803652
0.1662 0.000800628 -0.0809794
0.1663 0.000792499 -0.0815856
0.1664 0.000784311 -0.0821839
0.1665 0.000776063 -0.0827742
0.1666 0.000767756 -0.0833563
0.1667 0.000759392 -0.0839304
0.1668 0.000750971 -0.0844962
0.1669 0.000742493 -0.0850537
0.167 0.00073396 -0.085603
0.1671 0.000725373 -0.0861439
0.1672 0.000716732 -0.0866763
0.1673 0.000708038 -0.0872003
0.1674 0.000699292 -0.0877158
0.1675 0.000690495 -0.0882227
0.1676 0.000681648 -0.0887209
0.1677 0.000672751 -0.0892104
0.1678 0.000663806 -0.0896913
0.1679 0.000654813 -0.0901633
0.168 0.000645773 -0.0906265
0.1681 0.000636688 -0.0910809
0.1682 0.000627558 -0.0915263
0.1683 0.000618383 -0.0919628
0.1684 0.000609165 -0.0923902
0.1685 0.000599905 -0.0928086
0.1686 0.000590604 -0.0932179
0.1687 0.000581262 -0.0936181
0.1688 0.000571881 -0.0940091
0.1689 0.00056246 -0.0943909
0.169 0.000553003 -0.0947634
0.1691 0.000543508 -0.0951267
0.1692 0.000533978 -0.0954806
0.1693 0.000524412 -0.0958252
0.1694 0.000514813 -0.0961603
0.1695 0.000505181 -0.0964861
0.1696 0.000495516 -0.0968023
0.1697 0.00048582 -0.0971091
0.1698 0.000476094 -0.0974064
0.1699 0.000466339 -0.0976941
0.17 0.000456556 -0.0979722
0.1701 0.000446745 -0.0982407
0.1702 0.000436908 -0.0984996
0.1703 0.000427046 -0.0987487
0.1704 0.000417159 -0.0989883
0.1705 0.000407248 -0.099218
0.1706 0.000397315 -0.0994381
0.1707 0.000387361 -0.0996484
0.1708 0.000377386 -0.0998489
0.1709 0.000367392 -0.10004
0.171 0.000357379 -0.100221
0.1711 0.000347348 -0.100392
0.1712 0.000337301 -0.100553
0.1713 0.000327238 -0.100704
0.1714 0.00031716 -0.100846
0.1715 0.000307069 -0.100977
0.1716 0.000296965 -0.101099
0.1717 0.000286849 -0.10121
0.1718 0.000276723 -0.101312
0.1719 0.000266587 -0.101404
0.172 0.000256443 -0.101486
0.1721 0.000246291 -0.101558
0.1722 0.000236132 -0.10162
0.1723 0.000225967 -0.101672
0.1724 0.000215798 -0.101713
0.1725 0.000205625 -0.101745
0.1726 0.000195449 -0.101767
0.1727 0.000185271 -0.101779
0.1728 0.000175093 -0.101781
0.1729 0.000164916 -0.101773
0.173 0.000154739 -0.101755
0.1731 0.000144565 -0.101727
0.1732 0.000134394 -0.101689
0.1733 0.000124227 -0.101641
0.1734 0.000114066 -0.101583
0.1735 0.000103911 -0.101515
0.1736 9.37633e-05 -0.101437
0.1737 8.36239e-05 -0.101349
0.1738 7.34938e-05 -0.101251
0.1739 6.3374e-05 -0.101144
0.174 5.32654e-05 -0.101026
0.1741 4.31692e-05 -0.100898
0.1742 3.30861e-05 -0.100761
0.1743 2.30174e-05 -0.100613
0.1744 1.29639e-05 -0.100456
0.1745 2.92657e-06 -0.100288
0.1746 -7.0935e-06 -0.100111
0.1747 -1.70954e-05 -0.0999244
0.1748 -2.7078e-05 -0.0997276
0.1749 -3.70406e-05 -0.0995211
0.175 -4.69819e-05 -0.0993048
0.1751 -5.69012e-05 -0.0990787
0.1752 -6.67974e-05 -0.0988429
0.1753 -7.66695e-05 -0.0985974
0.1754 -8.65165e-05 -0.0983422
0.1755 -9.63376e-05 -0.0980773
0.1756 -0.000106132 -0.0978028
0.1757 -0.000115898 -0.0975187
0.1758 -0.000125635 -0.0972251
0.1759 -0.000135343 -0.0969219
0.176 -0.000145019 -0.0966091
0.1761 -0.000154664 -0.0962869
0.1762 -0.000164276 -0.0959552
0.1763 -0.000173855 -0.0956141
0.1764 -0.000183399 -0.0952636
0.1765 -0.000192907 -0.0949038
0.1766 -0.000202379 -0.0945346
0.1767 -0.000211814 -0.0941562
0.1768 -0.00022121 -0.0937685
0.1769 -0.000230567 -0.0933716
0.177 -0.000239884 -0.0929656
0.1771 -0.00024916 -0.0925504
0.1772 -0.000258394 -0.0921261
0.1773 -0.000267585 -0.0916929
0.1774 -0.000276732 -0.0912506
0.1775 -0.000285835 -0.0907993
0.1776 -0.000294892 -0.0903392
0.1777 -0.000303902 -0.0898701
0.1778 -0.000312865 -0.0893923
0.1779 -0.00032178 -0.0889057
0.178 -0.000330646 -0.0884104
0.1781 -0.000339462 -0.0879064
0.1782 -0.000348227 -0.0873938
0.1783 -0.000356941 -0.0868726
0.1784 -0.000365602 -0.0863429
0.1785 -0.000374209 -0.0858048
0.1786 -0.000382762 -0.0852582
0.1787 -0.00039126 -0.0847033
0.1788 -0.000399703 -0.08414
0.1789 -0.000408088 -0.0835686
0.179 -0.000416416 -0.0829889
0.1791 -0.000424686 -0.0824011
0.1792 -0.000432896 -0.0818052
0.1793 -0.000441046 -0.0812014
0.1794 -0.000449136 -0.0805895
0.1795 -0.000457164 -0.0799698
0.1796 -0.00046513 -0.0793423
0.1797 -0.000473032 -0.078707
0.1798 -0.000480871 -0.078064
0.1799 -0.000488645 -0.0774133
0.18 -0.000496353 -0.0767551
0.1801 -0.000503996 -0.0760894
0.1802 -0.000511571 -0.0754162
0.1803 -0.000519079 -0.0747356
0.1804 -0.000526518 -0.0740478
0.1805 -0.000533888 -0.0733527
0.1806 -0.000541188 -0.0726504
0.1807 -0.000548418 -0.0719411
0.1808 -0.000555576 -0.0712247
0.1809 -0.000562662 -0.0705013
0.181 -0.000569676 -0.0697711
0.1811 -0.000576616 -0.0690341
0.1812 -0.000583483 -0.0682903
0.1813 -0.000590274 -0.0675398
0.1814 -0.00059699 -0.0667828
0.1815 -0.000603631 -0.0660193
0.1816 -0.000610194 -0.0652493
0.1817 -0.00061668 -0.0644729
0.1818 -0.000623088 -0.0636903
0.1819 -0.000629418 -0.0629015
0.182 -0.000635669 -0.0621065
0.1821 -0.000641839 -0.0613055
0.1822 -0.000647929 -0.0604985
0.1823 -0.000653939 -0.0596857
0.1824 -0.000659866 -0.058867
0.1825 -0.000665712 -0.0580426
0.1826 -0.000671475 -0.0572126
0.1827 -0.000677154 -0.056377
0.1828 -0.00068275 -0.055536
0.1829 -0.000688261 -0.0546895
0.183 -0.000693688 -0.0538378
0.1831 -0.000699029 -0.0529808
0.1832 -0.000704284 -0.0521187
0.1833 -0.000709452 -0.0512515
0.1834 -0.000714534 -0.0503794
0.1835 -0.000719528 -0.0495024
0.1836 -0.000724434 -0.0486206
0.1837 -0.000729252 -0.0477341
0.1838 -0.000733981 -0.046843
0.1839 -0.00073862 -0.0459474
0.184 -0.00074317 -0.0450473
0.1841 -0.00074763 -0.0441429
0.1842 -0.000751999 -0.0432343
0.1843 -0.000756276 -0.0423214
0.1844 -0.000760463 -0.0414046
0.1845 -0.000764557 -0.0404837
0.1846 -0.000768559 -0.0395589
0.1847 -0.000772469 -0.0386304
0.1848 -0.000776285 -0.0376981
0.1849 -0.000780008 -0.0367622
0.185 -0.000783638 -0.0358228
0.1851 -0.000787173 -0.03488
0.1852 -0.000790613 -0.0339339
0.1853 -0.000793959 -0.0329845
0.1854 -0.00079721 -0.032032
0.1855 -0.000800366 -0.0310764
0.1856 -0.000803425 -0.0301179
0.1857 -0.000806389 -0.0291566
0.1858 -0.000809257 -0.0281924
0.1859 -0.000812028 -0.0272257
0.186 -0.000814702 -0.0262563
0.1861 -0.000817279 -0.0252845
0.1862 -0.000819759 -0.0243103
0.1863 -0.000822141 -0.0233339
0.1864 -0.000824425 -0.0223552
0.1865 -0.000826612 -0.0213745
0.1866 -0.0008287 -0.0203918
0.1867 -0.00083069 -0.0194072
0.1868 -0.000832581 -0.0184209
0.1869 -0.000834374 -0.0174328
0.187 -0.000836068 -0.0164432
0.1871 -0.000837663 -0.0154521
0.1872 -0.000839158 -0.0144595
0.1873 -0.000840555 -0.0134657
0.1874 -0.000841851 -0.0124707
0.1875 -0.000843049 -0.0114747
0.1876 -0.000844146 -0.0104776
0.1877 -0.000845144 -0.00947961
0.1878 -0.000846042 -0.00848085
0.1879 -0.00084684 -0.00748139
0.188 -0.000847539 -0.00648134
0.1881 -0.000848137 -0.00548079
0.1882 -0.000848635 -0.00447985
0.1883 -0.000849033 -0.00347862
0.1884 -0.00084933 -0.00247719
0.1885 -0.000849528 -0.00147567
0.1886 -0.000849626 -0.000474151
0.1887 -0.000849623 0.000527259
0.1888 -0.00084952 0.00152846
0.1889 -0.000849317 0.00252936
0.189 -0.000849014 0.00352985
0.1891 -0.000848611 0.00452984
0.1892 -0.000848108 0.00552922
0.1893 -0.000847505 0.0065279
0.1894 -0.000846803 0.00752577
0.1895 -0.000846 0.00852273
0.1896 -0.000845098 0.00951869
0.1897 -0.000844097 0.0105135
0.1898 -0.000842996 0.0115072
0.1899 -0.000841795 0.0124996
0.19 -0.000840496 0.0134905
0.1901 -0.000839097 0.01448
0.1902 -0.0008376 0.0154678
0.1903 -0.000836004 0.016454
0.1904 -0.000834309 0.0174383
0.1905 -0.000832516 0.0184208
0.1906 -0.000830625 0.0194013
0.1907 -0.000828636 0.0203796
0.1908 -0.000826549 0.0213558
0.1909 -0.000824365 0.0223297
0.191 -0.000822083 0.0233013
0.1911 -0.000819705 0.0242703
0.1912 -0.000817229 0.0252368
0.1913 -0.000814657 0.0262006
0.1914 -0.000811989 0.0271616
0.1915 -0.000809225 0.0281197
0.1916 -0.000806365 0.0290749
0.1917 -0.00080341 0.0300271
0.1918 -0.00080036 0.0309761
0.1919 -0.000797215 0.0319218
0.192 -0.000793976 0.0328642
0.1921 -0.000790642 0.0338032
0.1922 -0.000787215 0.0347386
0.1923 -0.000783695 0.0356705
0.1924 -0.000780081 0.0365986
0.1925 -0.000776375 0.0375229
0.1926 -0.000772577 0.0384433
0.1927 -0.000768687 0.0393597
0.1928 -0.000764705 0.040272
0.1929 -0.000760632 0.0411801
0.193 -0.000756469 0.042084
0.1931 -0.000752216 0.0429835
0.1932 -0.000747873 0.0438786
0.1933 -0.00074344 0.0447692
0.1934 -0.000738919 0.0456551
0.1935 -0.000734309 0.0465363
0.1936 -0.000729612 0.0474127
0.1937 -0.000724827 0.0482843
0.1938 -0.000719955 0.0491508
0.1939 -0.000714997 0.0500123
0.194 -0.000709953 0.0508687
0.1941 -0.000704823 0.0517198
0.1942 -0.000699609 0.0525656
0.1943 -0.00069431 0.053406
0.1944 -0.000688928 0.0542409
0.1945 -0.000683462 0.0550702
0.1946 -0.000677914 0.0558939
0.1947 -0.000672284 0.0567119
0.1948 -0.000666572 0.057524
0.1949 -0.000660779 0.0583303
0.195 -0.000654906 0.0591305
0.1951 -0.000648953 0.0599247
0.1952 -0.000642921 0.0607128
0.1953 -0.000636811 0.0614947
0.1954 -0.000630623 0.0622702
0.1955 -0.000624357 0.0630394
0.1956 -0.000618015 0.0638022
0.1957 -0.000611597 0.0645584
0.1958 -0.000605104 0.065308
0.1959 -0.000598536 0.066051
0.196 -0.000591894 0.0667872
0.1961 -0.000585178 0.0675166
0.1962 -0.000578391 0.0682391
0.1963 -0.000571531 0.0689546
0.1964 -0.0005646 0.0696631
0.1965 -0.000557598 0.0703645
0.1966 -0.000550527 0.0710587
0.1967 -0.000543387 0.0717456
0.1968 -0.000536178 0.0724253
0.1969 -0.000528902 0.0730975
0.197 -0.000521559 0.0737623
0.1971 -0.00051415 0.0744196
0.1972 -0.000506675 0.0750693
0.1973 -0.000499136 0.0757114
0.1974 -0.000491533 0.0763457
0.1975 -0.000483867 0.0769723
0.1976 -0.000476139 0.0775911
0.1977 -0.000468349 0.0782019
0.1978 -0.000460499 0.0788048
0.1979 -0.000452589 0.0793996
0.198 -0.000444619 0.0799864
0.1981 -0.000436592 0.080565
0.1982 -0.000428507 0.0811355
0.1983 -0.000420365 0.0816977
0.1984 -0.000412167 0.0822515
0.1985 -0.000403915 0.0827971
0.1986 -0.000395608 0.0833342
0.1987 -0.000387248 0.0838628
0.1988 -0.000378836 0.0843829
0.1989 -0.000370372 0.0848944
0.199 -0.000361857 0.0853973
0.1991 -0.000353293 0.0858915
0.1992 -0.000344679 0.086377
0.1993 -0.000336018 0.0868537
0.1994 -0.000327309 0.0873216
0.1995 -0.000318554 0.0877807
0.1996 -0.000309753 0.0882308
0.1997 -0.000300908 0.0886719
0.1998 -0.000292019 0.0891041
0.1999 -0.000283087 0.0895272
0.2 -0.000274114 0.0899412
0.2001 -0.000265099 0.090346
0.2002 -0.000256045 0.0907418
0.2003 -0.000246951 0.0911282
0.2004 -0.00023782 0.0915055
0.2005 -0.000228651 0.0918735
0.2006 -0.000219445 0.0922321
0.2007 -0.000210204 0.0925814
0.2008 -0.000200929 0.0929213
0.2009 -0.000191621 0.0932517
0.201 -0.000182279 0.0935727
0.2011 -0.000172906 0.0938842
0.2012 -0.000163503 0.0941862
0.2013 -0.000154069 0.0944786
0.2014 -0.000144607 0.0947615
0.2015 -0.000135117 0.0950347
0.2016 -0.000125601 0.0952983
0.2017 -0.000116058 0.0955522
0.2018 -0.000106491 0.0957965
0.2019 -9.68991e-05 0.096031
0.202 -8.72847e-05 0.0962558
0.2021 -7.76483e-05 0.0964708
0.2022 -6.79909e-05 0.096676
0.2023 -5.83134e-05 0.0968715
0.2024 -4.86169e-05 0.0970571
0.2025 -3.89023e-05 0.0972329
0.2026 -2.91706e-05 0.0973988
0.2027 -1.94229e-05 0.0975549
0.2028 -9.65999e-06 0.0977011
0.2029 1.17011e-07 0.0978373
0.203 9.90714e-06 0.0979637
0.2031 1.97094e-05 0.0980801
0.2032 2.95228e-05 0.0981866
0.2033 3.93464e-05 0.0982831
0.2034 4.91791e-05 0.0983697
0.2035 5.902e-05 0.0984463
0.2036 6.88681e-05 0.0985129
0.2037 7.87223e-05 0.0985696
0.2038 8.85816e-05 0.0986162
0.2039 9.84452e-05 0.0986529
0.204 0.000108312 0.0986795
0.2041 0.000118181 0.0986962
0.2042 0.000128051 0.0987029
0.2043 0.000137921 0.0986995
0.2044 0.00014779 0.0986862
0.2045 0.000157658 0.0986628
0.2046 0.000167523 0.0986295
0.2047 0.000177383 0.0985862
0.2048 0.000187239 0.0985329
0.2049 0.00019709 0.0984696
0.205 0.000206933 0.0983963
0.2051 0.000216769 0.098313
0.2052 0.000226595 0.0982198
0.2053 0.000236412 0.0981167
0.2054 0.000246218 0.0980036
0.2055 0.000256013 0.0978805
0.2056 0.000265794 0.0977476
0.2057 0.000275562 0.0976047
0.2058 0.000285315 0.097452
0.2059 0.000295052 0.0972894
0.206 0.000304772 0.0971169
0.2061 0.000314475 0.0969346
0.2062 0.000324159 0.0967425
0.2063 0.000333823 0.0965405
0.2064 0.000343467 0.0963288
0.2065 0.000353089 0.0961073
0.2066 0.000362688 0.0958761
0.2067 0.000372263 0.0956352
0.2068 0.000381815 0.0953845
0.2069 0.00039134 0.0951242
0.207 0.000400839 0.0948543
0.2071 0.000410311 0.0945748
0.2072 0.000419754 0.0942856
0.2073 0.000429167 0.093987
0.2074 0.000438551 0.0936787
0.2075 0.000447903 0.093361
0.2076 0.000457223 0.0930339
0.2077 0.000466509 0.0926973
0.2078 0.000475762 0.0923513
0.2079 0.000484979 0.0919959
0.208 0.000494161 0.0916312
0.2081 0.000503305 0.0912573
0.2082 0.000512412 0.090874
0.2083 0.00052148 0.0904816
0.2084 0.000530508 0.09008
0.2085 0.000539495 0.0896693
0.2086 0.000548441 0.0892494
0.2087 0.000557345 0.0888205
0.2088 0.000566205 0.0883826
0.2089 0.000575021 0.0879358
0.209 0.000583792 0.08748
0.2091 0.000592517 0.0870154
0.2092 0.000601195 0.0865419
0.2093 0.000609825 0.0860596
0.2094 0.000618406 0.0855687
0.2095 0.000626938 0.085069
0.2096 0.00063542 0.0845607
0.2097 0.00064385 0.0840438
0.2098 0.000652228 0.0835184
0.2099 0.000660554 0.0829845
0.21 0.000668825 0.0824422
0.2101 0.000677042 0.0818916
0.2102 0.000685203 0.0813326
0.2103 0.000693308 0.0807654
0.2104 0.000701356 0.0801899
0.2105 0.000709346 0.0796063
0.2106 0.000717277 0.0790147
0.2107 0.000725148 0.078415
0.2108 0.00073296 0.0778073
0.2109 0.00074071 0.0771918
0.211 0.000748398 0.0765684
0.2111 0.000756023 0.0759372
0.2112 0.000763585 0.0752983
0.2113 0.000771082 0.0746518
0.2114 0.000778515 0.0739977
0.2115 0.000785882 0.073336
0.2116 0.000793182 0.0726669
0.2117 0.000800415 0.0719904
0.2118 0.00080758 0.0713066
0.2119 0.000814676 0.0706155
0.212 0.000821703 0.0699173
0.2121 0.000828659 0.0692119
0.2122 0.000835545 0.0684995
0.2123 0.000842359 0.0677801
0.2124 0.000849101 0.0670539
0.2125 0.000855769 0.0663208
0.2126 0.000862365 0.0655809
0.2127 0.000868885 0.0648344
0.2128 0.000875331 0.0640812
0.2129 0.000881701 0.0633216
0.213 0.000887995 0.0625555
0.2131 0.000894212 0.061783
0.2132 0.000900352 0.0610042
0.2133 0.000906413 0.0602192
0.2134 0.000912395 0.059428
0.2135 0.000918298 0.0586308
0.2136 0.000924121 0.0578276
0.2137 0.000929864 0.0570185
0.2138 0.000935525 0.0562036
0.2139 0.000941104 0.0553829
0.214 0.000946601 0.0545566
0.2141 0.000952015 0.0537247
0.2142 0.000957346 0.0528874
0.2143 0.000962593 0.0520446
0.2144 0.000967755 0.0511965
0.2145 0.000972832 0.0503431
0.2146 0.000977823 0.0494846
0.2147 0.000982728 0.0486211
0.2148 0.000987547 0.0477525
0.2149 0.000992279 0.0468791
0.215 0.000996923 0.0460008
0.2151 0.00100148 0.0451179
0.2152 0.00100595 0.0442303
0.2153 0.00101032 0.0433382
0.2154 0.00101461 0.0424416
0.2155 0.00101881 0.0415406
0.2156 0.00102292 0.0406354
0.2157 0.00102694 0.039726
0.2158 0.00103087 0.0388125
0.2159 0.0010347 0.0378951
0.216 0.00103845 0.0369737
0.2161 0.0010421 0.0360485
0.2162 0.00104566 0.0351196
0.2163 0.00104912 0.034187
0.2164 0.00105249 0.0332509
0.2165 0.00105577 0.0323114
0.2166 0.00105895 0.0313685
0.2167 0.00106204 0.0304224
0.2168 0.00106504 0.0294731
0.2169 0.00106794 0.0285208
0.217 0.00107074 0.0275655
0.2171 0.00107345 0.0266073
0.2172 0.00107606 0.0256463
0.2173 0.00107858 0.0246827
0.2174 0.001081 0.0237165
0.2175 0.00108332 0.0227478
0.2176 0.00108555 0.0217767
0.2177 0.00108768 0.0208033
0.2178 0.00108971 0.0198277
0.2179 0.00109164 0.01885
0.218 0.00109348 0.0178703
0.2181 0.00109522 0.0168887
0.2182 0.00109686 0.0159054
0.2183 0.0010984 0.0149203
0.2184 0.00109984 0.0139336
0.2185 0.00110119 0.0129454
0.2186 0.00110243 0.0119558
0.2187 0.00110358 0.0109649
0.2188 0.00110462 0.00997273
0.2189 0.00110557 0.00897949
0.219 0.00110642 0.00798524
0.2191 0.00110717 0.00699008
0.2192 0.00110782 0.00599411
0.2193 0.00110837 0.00499743
0.2194 0.00110882 0.00400013
0.2195 0.00110917 0.00300232
0.2196 0.00110942 0.0020041
0.2197 0.00110957 0.00100557
0.2198 0.00110962 6.8247e-06
0.2199 0.00110957 -0.000992033
0.22 0.00110942 -0.0019909
0.2201 0.00110917 -0.00298969
0.2202 0.00110882 -0.00398828
0.2203 0.00110837 -0.00498659
0.2204 0.00110783 -0.00598451
0.2205 0.00110718 -0.00698195
0.2206 0.00110643 -0.0079788
0.2207 0.00110558 -0.00897496
0.2208 0.00110463 -0.00997033
0.2209 0.00110359 -0.0109648
0.221 0.00110244 -0.0119583
0.2211 0.0011012 -0.0129507
0.2212 0.00109985 -0.013942
0.2213 0.00109841 -0.0149319
0.2214 0.00109687 -0.0159205
0.2215 0.00109522 -0.0169076
0.2216 0.00109348 -0.0178931
0.2217 0.00109165 -0.0188769
0.2218 0.00108971 -0.0198589
0.2219 0.00108767 -0.0208391
0.222 0.00108554 -0.0218173
0.2221 0.00108331 -0.0227934
0.2222 0.00108098 -0.0237674
0.2223 0.00107856 -0.0247391
0.2224 0.00107603 -0.0257084
0.2225 0.00107342 -0.0266752
0.2226 0.0010707 -0.0276395
0.2227 0.00106789 -0.0286012
0.2228 0.00106498 -0.0295601
0.2229 0.00106198 -0.0305161
0.223 0.00105888 -0.0314692
0.2231 0.00105568 -0.0324193
0.2232 0.00105239 -0.0333662
0.2233 0.00104901 -0.0343099
0.2234 0.00104553 -0.0352503
0.2235 0.00104196 -0.0361873
0.2236 0.00103829 -0.0371207
0.2237 0.00103453 -0.0380506
0.2238 0.00103068 -0.0389767
0.2239 0.00102674 -0.0398991
0.224 0.0010227 -0.0408175
0.2241 0.00101858 -0.0417321
0.2242 0.00101436 -0.0426425
0.2243 0.00101005 -0.0435488
0.2244 0.00100565 -0.0444508
0.2245 0.00100116 -0.0453485
0.2246 0.000996578 -0.0462418
0.2247 0.000991909 -0.0471305
0.2248 0.000987152 -0.0480146
0.2249 0.000982307 -0.0488941
0.225 0.000977373 -0.0497688
0.2251 0.000972353 -0.0506386
0.2252 0.000967246 -0.0515034
0.2253 0.000962052 -0.0523632
0.2254 0.000956773 -0.0532178
0.2255 0.000951409 -0.0540673
0.2256 0.00094596 -0.0549114
0.2257 0.000940427 -0.0557502
0.2258 0.00093481 -0.0565835
0.2259 0.00092911 -0.0574112
0.226 0.000923328 -0.0582333
0.2261 0.000917464 -0.0590497
0.2262 0.000911518 -0.0598603
0.2263 0.000905492 -0.060665
0.2264 0.000899386 -0.0614637
0.2265 0.0008932 -0.0622564
0.2266 0.000886935 -0.063043
0.2267 0.000880591 -0.0638234
0.2268 0.00087417 -0.0645975
0.2269 0.000867672 -0.0653652
0.227 0.000861097 -0.0661265
0.2271 0.000854447 -0.0668813
0.2272 0.000847721 -0.0676295
0.2273 0.000840921 -0.0683711
0.2274 0.000834047 -0.0691059
0.2275 0.0008271 -0.0698339
0.2276 0.000820081 -0.0705551
0.2277 0.000812989 -0.0712693
0.2278 0.000805827 -0.0719764
0.2279 0.000798594 -0.0726765
0.228 0.000791292 -0.0733694
0.2281 0.000783921 -0.0740551
0.2282 0.000776481 -0.0747334
0.2283 0.000768974 -0.0754044
0.2284 0.000761401 -0.076068
0.2285 0.000753761 -0.0767241
0.2286 0.000746056 -0.0773725
0.2287 0.000738287 -0.0780134
0.2288 0.000730454 -0.0786465
0.2289 0.000722558 -0.0792719
0.229 0.000714599 -0.0798895
0.2291 0.00070658 -0.0804992
0.2292 0.0006985 -0.0811009
0.2293 0.00069036 -0.0816946
0.2294 0.000682161 -0.0822803
0.2295 0.000673904 -0.0828578
0.2296 0.00066559 -0.0834272
0.2297 0.000657219 -0.0839883
0.2298 0.000648793 -0.0845411
0.2299 0.000640311 -0.0850855
0.23 0.000631776 -0.0856216
0.2301 0.000623187 -0.0861491
0.2302 0.000614546 -0.0866682
0.2303 0.000605854 -0.0871787
0.2304 0.000597111 -0.0876806
0.2305 0.000588318 -0.0881738
0.2306 0.000579476 -0.0886583
0.2307 0.000570587 -0.0891341
0.2308 0.00056165 -0.089601
0.2309 0.000552667 -0.0900591
0.231 0.000543638 -0.0905082
0.2311 0.000534565 -0.0909484
0.2312 0.000525449 -0.0913796
0.2313 0.00051629 -0.0918018
0.2314 0.000507089 -0.0922149
0.2315 0.000497847 -0.0926189
0.2316 0.000488565 -0.0930137
0.2317 0.000479245 -0.0933993
0.2318 0.000469886 -0.0937757
0.2319 0.00046049 -0.0941427
0.232 0.000451058 -0.0945005
0.2321 0.00044159 -0.0948489
0.2322 0.000432088 -0.095188
0.2323 0.000422553 -0.0955176
0.2324 0.000412985 -0.0958378
0.2325 0.000403385 -0.0961484
0.2326 0.000393755 -0.0964496
0.2327 0.000384096 -0.0967412
0.2328 0.000374408 -0.0970233
0.2329 0.000364692 -0.0972957
0.233 0.000354949 -0.0975585
0.2331 0.00034518 -0.0978116
0.2332 0.000335387 -0.0980551
0.2333 0.000325569 -0.0982889
0.2334 0.000315729 -0.0985129
0.2335 0.000305867 -0.0987272
0.2336 0.000295984 -0.0989317
0.2337 0.000286081 -0.0991264
0.2338 0.000276159 -0.0993112
0.2339 0.000266219 -0.0994863
0.234 0.000256262 -0.0996515
0.2341 0.000246289 -0.0998068
0.2342 0.000236301 -0.0999523
0.2343 0.000226299 -0.100088
0.2344 0.000216284 -0.100213
0.2345 0.000206257 -0.100329
0.2346 0.000196219 -0.100435
0.2347 0.00018617 -0.100531
0.2348 0.000176113 -0.100617
0.2349 0.000166047 -0.100693
0.235 0.000155975 -0.100758
0.2351 0.000145896 -0.100814
0.2352 0.000135812 -0.10086
0.2353 0.000125724 -0.100896
0.2354 0.000115633 -0.100922
0.2355 0.00010554 -0.100938
0.2356 9.54457e-05 -0.100944
0.2357 8.53513e-05 -0.10094
0.2358 7.52579e-05 -0.100926
0.2359 6.51664e-05 -0.100902
0.236 5.50778e-05 -0.100868
0.2361 4.49931e-05 -0.100824
0.2362 3.49132e-05 -0.10077
0.2363 2.48393e-05 -0.100706
0.2364 1.47723e-05 -0.100632
0.2365 4.71316e-06 -0.100549
0.2366 -5.33708e-06 -0.100455
0.2367 -1.53774e-05 -0.100351
0.2368 -2.54069e-05 -0.100237
0.2369 -3.54245e-05 -0.100113
0.237 -4.54293e-05 -0.0999798
0.2371 -5.54202e-05 -0.0998363
0.2372 -6.53962e-05 -0.0996829
0.2373 -7.53564e-05 -0.0995197
0.2374 -8.52998e-05 -0.0993465
0.2375 -9.52254e-05 -0.0991636
0.2376 -0.000105132 -0.0989708
0.2377 -0.000115019 -0.0987682
0.2378 -0.000124886 -0.0985558
0.2379 -0.00013473 -0.0983336
0.238 -0.000144552 -0.0981018
0.2381 -0.00015435 -0.0978602
0.2382 -0.000164124 -0.0976089
0.2383 -0.000173872 -0.0973479
0.2384 -0.000183593 -0.0970773
0.2385 -0.000193287 -0.0967971
0.2386 -0.000202952 -0.0965073
0.2387 -0.000212588 -0.0962079
0.2388 -0.000222193 -0.095899
0.2389 -0.000231767 -0.0955807
0.239 -0.000241309 -0.0952528
0.2391 -0.000250818 -0.0949155
0.2392 -0.000260292 -0.0945688
0.2393 -0.000269731 -0.0942128
0.2394 -0.000279134 -0.0938474
0.2395 -0.0002885 -0.0934727
0.2396 -0.000297828 -0.0930888
0.2397 -0.000307118 -0.0926957
0.2398 -0.000316367 -0.0922933
0.2399 -0.000325576 -0.0918819
0.24 -0.000334743 -0.0914613
0.2401 -0.000343868 -0.0910317
0.2402 -0.000352949 -0.0905931
0.2403 -0.000361986 -0.0901455
0.2404 -0.000370978 -0.089689
0.2405 -0.000379924 -0.0892236
0.2406 -0.000388823 -0.0887494
0.2407 -0.000397673 -0.0882663
0.2408 -0.000406476 -0.0877746
0.2409 -0.000415228 -0.0872742
0.241 -0.00042393 -0.0867651
0.2411 -0.000432581 -0.0862474
0.2412 -0.000441179 -0.0857213
0.2413 -0.000449725 -0.0851866
0.2414 -0.000458216 -0.0846435
0.2415 -0.000466653 -0.084092
0.2416 -0.000475034 -0.0835322
0.2417 -0.000483359 -0.0829642
0.2418 -0.000491627 -0.0823879
0.2419 -0.000499837 -0.0818035
0.242 -0.000507987 -0.081211
0.2421 -0.000516079 -0.0806105
0.2422 -0.000524109 -0.0800019
0.2423 -0.000532079 -0.0793855
0.2424 -0.000539986 -0.0787613
0.2425 -0.000547831 -0.0781292
0.2426 -0.000555612 -0.0774894
0.2427 -0.000563328 -0.076842
0.2428 -0.00057098 -0.076187
0.2429 -0.000578565 -0.0755244
0.243 -0.000586084 -0.0748544
0.2431 -0.000593536 -0.0741769
0.2432 -0.00060092 -0.0734922
0.2433 -0.000608234 -0.0728002
0.2434 -0.000615479 -0.072101
0.2435 -0.000622654 -0.0713947
0.2436 -0.000629758 -0.0706813
0.2437 -0.00063679 -0.0699609
0.2438 -0.00064375 -0.0692337
0.2439 -0.000650637 -0.0684995
0.244 -0.00065745 -0.0677587
0.2441 -0.000664188 -0.0670111
0.2442 -0.000670852 -0.066257
0.2443 -0.000677439 -0.0654963
0.2444 -0.000683951 -0.0647291
0.2445 -0.000690385 -0.0639555
0.2446 -0.000696742 -0.0631757
0.2447 -0.00070302 -0.0623896
0.2448 -0.000709219 -0.0615974
0.2449 -0.000715339 -0.060799
0.245 -0.000721379 -0.0599947
0.2451 -0.000727338 -0.0591845
0.2452 -0.000733216 -0.0583685
0.2453 -0.000739011 -0.0575467
0.2454 -0.000744725 -0.0567192
0.2455 -0.000750355 -0.0558861
0.2456 -0.000755902 -0.0550476
0.2457 -0.000761364 -0.0542036
0.2458 -0.000766742 -0.0533543
0.2459 -0.000772035 -0.0524997
0.246 -0.000777242 -0.05164
0.2461 -0.000782363 -0.0507752
0.2462 -0.000787397 -0.0499054
0.2463 -0.000792344 -0.0490307
0.2464 -0.000797203 -0.0481512
0.2465 -0.000801974 -0.047267
0.2466 -0.000806656 -0.0463781
0.2467 -0.000811249 -0.0454846
0.2468 -0.000815753 -0.0445867
0.2469 -0.000820167 -0.0436845
0.247 -0.00082449 -0.0427779
0.2471 -0.000828722 -0.0418671
0.2472 -0.000832863 -0.0409523
0.2473 -0.000836912 -0.0400334
0.2474 -0.00084087 -0.0391106
0.2475 -0.000844734 -0.038184
0.2476 -0.000848506 -0.0372537
0.2477 -0.000852185 -0.0363197
0.2478 -0.00085577 -0.0353822
0.2479 -0.000859261 -0.0344412
0.248 -0.000862658 -0.0334969
0.2481 -0.000865961 -0.0325492
0.2482 -0.000869168 -0.0315985
0.2483 -0.00087228 -0.0306446
0.2484 -0.000875297 -0.0296878
0.2485 -0.000878218 -0.028728
0.2486 -0.000881042 -0.0277655
0.2487 -0.000883771 -0.0268003
0.2488 -0.000886402 -0.0258325
0.2489 -0.000888937 -0.0248622
0.249 -0.000891375 -0.0238895
0.2491 -0.000893715 -0.0229145
0.2492 -0.000895958 -0.0219373
0.2493 -0.000898102 -0.020958
0.2494 -0.000900149 -0.0199766
0.2495 -0.000902098 -0.0189934
0.2496 -0.000903948 -0.0180083
0.2497 -0.000905699 -0.0170215
0.2498 -0.000907352 -0.0160331
0.2499 -0.000908906 -0.0150432
0.25 -0.000910361 -0.0140518
0.2501 -0.000911716 -0.0130592
0.2502 -0.000912972 -0.0120653
0.2503 -0.000914129 -0.0110703
0.2504 -0.000915186 -0.0100742
0.2505 -0.000916144 -0.00907724
0.2506 -0.000917002 -0.00807945
0.2507 -0.00091776 -0.00708093
0.2508 -0.000918418 -0.00608178
0.2509 -0.000918976 -0.0050821
0.251 -0.000919434 -0.004082
0.2511 -0.000919793 -0.00308157
0.2512 -0.000920051 -0.00208092
0.2513 -0.000920209 -0.00108014
