0 0 0
0.0001 1.3e-09 3.86995e-05
0.0002 1.01525e-08 0.000149839
0.0003 3.34502e-08 0.000326507
0.0004 7.74276e-08 0.000562439
0.0005 1.47723e-07 0.000851955
0.0006 2.49432e-07 0.00118991
0.0007 3.87162e-07 0.00157163
0.0008 5.65074e-07 0.00199288
0.0009 7.86926e-07 0.00244983
0.001 1.05611e-06 0.00293899
0.0011 1.37569e-06 0.00345721
0.0012 1.74843e-06 0.00400162
0.0013 2.1768e-06 0.00456962
0.0014 2.66306e-06 0.00515885
0.0015 3.20921e-06 0.00576716
0.0016 3.81706e-06 0.00639262
0.0017 4.48824e-06 0.00703346
0.0018 5.22421e-06 0.00768807
0.0019 6.02627e-06 0.00835499
0.002 6.89558e-06 0.0090329
0.0021 7.83317e-06 0.0097206
0.0022 8.83999e-06 0.010417
0.0023 9.91683e-06 0.0111211
0.0024 1.10644e-05 0.0118319
0.0025 1.22834e-05 0.0125487
0.0026 1.35743e-05 0.0132708
0.0027 1.49377e-05 0.0139973
0.0028 1.63739e-05 0.0147277
0.0029 1.78834e-05 0.0154614
0.003 1.94663e-05 0.016198
0.0031 2.1123e-05 0.0169368
0.0032 2.28537e-05 0.0176775
0.0033 2.46586e-05 0.0184197
0.0034 2.65377e-05 0.019163
0.0035 2.84912e-05 0.0199071
0.0036 3.05192e-05 0.0206516
0.0037 3.26216e-05 0.0213964
0.0038 3.47984e-05 0.022141
0.0039 3.70497e-05 0.0228853
0.004 3.93755e-05 0.023629
0.0041 4.17755e-05 0.024372
0.0042 4.42498e-05 0.025114
0.0043 4.67983e-05 0.0258549
0.0044 4.94208e-05 0.0265945
0.0045 5.21171e-05 0.0273326
0.0046 5.48872e-05 0.0280692
0.0047 5.77309e-05 0.028804
0.0048 6.0648e-05 0.0295369
0.0049 6.36382e-05 0.0302679
0.005 6.67015e-05 0.0309968
0.0051 6.98375e-05 0.0317235
0.0052 7.30461e-05 0.0324479
0.0053 7.6327e-05 0.0331699
0.0054 7.968e-05 0.0338894
0.0055 8.31048e-05 0.0346064
0.0056 8.66012e-05 0.0353207
0.0057 9.01688e-05 0.0360323
0.0058 9.38075e-05 0.0367411
0.0059 9.7517e-05 0.037447
0.006 0.000101297 0.03815
0.0061 0.000105147 0.03885
0.0062 0.000109067 0.0395469
0.0063 0.000113056 0.0402407
0.0064 0.000117115 0.0409313
0.0065 0.000121242 0.0416186
0.0066 0.000125438 0.0423026
0.0067 0.000129703 0.0429833
0.0068 0.000134035 0.0436606
0.0069 0.000138435 0.0443344
0.007 0.000142902 0.0450046
0.0071 0.000147435 0.0456713
0.0072 0.000152036 0.0463344
0.0073 0.000156702 0.0469938
0.0074 0.000161434 0.0476495
0.0075 0.000166232 0.0483015
0.0076 0.000171095 0.0489496
0.0077 0.000176022 0.0495939
0.0078 0.000181013 0.0502343
0.0079 0.000186069 0.0508707
0.008 0.000191187 0.0515032
0.0081 0.000196369 0.0521316
0.0082 0.000201613 0.052756
0.0083 0.00020692 0.0533762
0.0084 0.000212289 0.0539923
0.0085 0.000217718 0.0546042
0.0086 0.000223209 0.0552119
0.0087 0.000228761 0.0558153
0.0088 0.000234372 0.0564143
0.0089 0.000240043 0.0570091
0.009 0.000245774 0.0575994
0.0091 0.000251563 0.0581853
0.0092 0.000257411 0.0587668
0.0093 0.000263316 0.0593437
0.0094 0.000269279 0.0599161
0.0095 0.000275299 0.0604839
0.0096 0.000281376 0.0610471
0.0097 0.000287509 0.0616057
0.0098 0.000293697 0.0621596
0.0099 0.00029994 0.0627087
0.01 0.000306239 0.0632531
0.0101 0.000312591 0.0637927
0.0102 0.000318997 0.0643275
0.0103 0.000325456 0.0648575
0.0104 0.000331968 0.0653825
0.0105 0.000338533 0.0659026
0.0106 0.000345149 0.0664178
0.0107 0.000351816 0.0669279
0.0108 0.000358534 0.0674331
0.0109 0.000365302 0.0679332
0.011 0.000372121 0.0684282
0.0111 0.000378988 0.068918
0.0112 0.000385904 0.0694028
0.0113 0.000392868 0.0698824
0.0114 0.00039988 0.0703567
0.0115 0.000406939 0.0708258
0.0116 0.000414045 0.0712897
0.0117 0.000421197 0.0717482
0.0118 0.000428395 0.0722015
0.0119 0.000435637 0.0726494
0.012 0.000442924 0.0730919
0.0121 0.000450255 0.073529
0.0122 0.00045763 0.0739606
0.0123 0.000465047 0.0743868
0.0124 0.000472507 0.0748075
0.0125 0.000480009 0.0752227
0.0126 0.000487552 0.0756324
0.0127 0.000495135 0.0760365
0.0128 0.000502759 0.076435
0.0129 0.000510422 0.0768278
0.013 0.000518124 0.0772151
0.0131 0.000525865 0.0775967
0.0132 0.000533643 0.0779725
0.0133 0.000541459 0.0783427
0.0134 0.000549312 0.0787072
0.0135 0.0005572 0.0790658
0.0136 0.000565125 0.0794187
0.0137 0.000573084 0.0797658
0.0138 0.000581077 0.0801071
0.0139 0.000589105 0.0804425
0.014 0.000597166 0.0807721
0.0141 0.000605259 0.0810958
0.0142 0.000613385 0.0814136
0.0143 0.000621542 0.0817254
0.0144 0.00062973 0.0820313
0.0145 0.000637948 0.0823313
0.0146 0.000646196 0.0826252
0.0147 0.000654473 0.0829132
0.0148 0.000662778 0.0831951
0.0149 0.000671112 0.0834711
0.015 0.000679472 0.0837409
0.0151 0.000687859 0.0840047
0.0152 0.000696273 0.0842624
0.0153 0.000704712 0.084514
0.0154 0.000713175 0.0847595
0.0155 0.000721663 0.0849989
0.0156 0.000730175 0.0852321
0.0157 0.00073871 0.0854591
0.0158 0.000747267 0.08568
0.0159 0.000755845 0.0858947
0.016 0.000764445 0.0861032
0.0161 0.000773066 0.0863055
0.0162 0.000781706 0.0865016
0.0163 0.000790366 0.0866914
0.0164 0.000799044 0.086875
0.0165 0.000807741 0.0870523
0.0166 0.000816455 0.0872233
0.0167 0.000825185 0.0873881
0.0168 0.000833932 0.0875466
0.0169 0.000842694 0.0876987
0.017 0.000851472 0.0878446
0.0171 0.000860263 0.0879842
0.0172 0.000869068 0.0881174
0.0173 0.000877886 0.0882443
0.0174 0.000886717 0.0883648
0.0175 0.000895559 0.0884791
0.0176 0.000904412 0.0885869
0.0177 0.000913276 0.0886884
0.0178 0.00092215 0.0887835
0.0179 0.000931033 0.0888723
0.018 0.000939924 0.0889547
0.0181 0.000948823 0.0890307
0.0182 0.00095773 0.0891003
0.0183 0.000966643 0.0891635
0.0184 0.000975563 0.0892204
0.0185 0.000984487 0.0892708
0.0186 0.000993417 0.0893148
0.0187 0.00100235 0.0893525
0.0188 0.00101129 0.0893837
0.0189 0.00102023 0.0894086
0.019 0.00102917 0.089427
0.0191 0.00103811 0.089439
0.0192 0.00104706 0.0894447
0.0193 0.001056 0.0894439
0.0194 0.00106494 0.0894367
0.0195 0.00107389 0.0894231
0.0196 0.00108283 0.0894031
0.0197 0.00109177 0.0893768
0.0198 0.0011007 0.089344
0.0199 0.00110964 0.0893048
0.02 0.00111856 0.0892592
0.0201 0.00112749 0.0892073
0.0202 0.00113641 0.089149
0.0203 0.00114532 0.0890843
0.0204 0.00115422 0.0890132
0.0205 0.00116312 0.0889357
0.0206 0.00117201 0.0888519
0.0207 0.00118089 0.0887618
0.0208 0.00118976 0.0886652
0.0209 0.00119862 0.0885624
0.021 0.00120747 0.0884532
0.0211 0.00121631 0.0883377
0.0212 0.00122514 0.0882158
0.0213 0.00123396 0.0880877
0.0214 0.00124276 0.0879532
0.0215 0.00125155 0.0878125
0.0216 0.00126032 0.0876654
0.0217 0.00126908 0.0875121
0.0218 0.00127782 0.0873525
0.0219 0.00128655 0.0871867
0.022 0.00129526 0.0870147
0.0221 0.00130395 0.0868364
0.0222 0.00131263 0.0866518
0.0223 0.00132128 0.0864611
0.0224 0.00132992 0.0862642
0.0225 0.00133854 0.0860611
0.0226 0.00134713 0.0858519
0.0227 0.00135571 0.0856365
0.0228 0.00136426 0.0854149
0.0229 0.00137279 0.0851873
0.023 0.0013813 0.0849535
0.0231 0.00138978 0.0847136
0.0232 0.00139824 0.0844677
0.0233 0.00140667 0.0842157
0.0234 0.00141508 0.0839577
0.0235 0.00142346 0.0836936
0.0236 0.00143182 0.0834236
0.0237 0.00144015 0.0831475
0.0238 0.00144845 0.0828655
0.0239 0.00145672 0.0825775
0.024 0.00146496 0.0822836
0.0241 0.00147318 0.0819838
0.0242 0.00148136 0.0816781
0.0243 0.00148951 0.0813665
0.0244 0.00149763 0.081049
0.0245 0.00150572 0.0807258
0.0246 0.00151378 0.0803967
0.0247 0.0015218 0.0800618
0.0248 0.00152979 0.0797212
0.0249 0.00153775 0.0793748
0.025 0.00154567 0.0790227
0.0251 0.00155355 0.0786649
0.0252 0.0015614 0.0783014
0.0253 0.00156921 0.0779323
0.0254 0.00157698 0.0775575
0.0255 0.00158472 0.0771771
0.0256 0.00159242 0.0767912
0.0257 0.00160008 0.0763997
0.0258 0.0016077 0.0760027
0.0259 0.00161528 0.0756002
0.026 0.00162282 0.0751922
0.0261 0.00163032 0.0747788
0.0262 0.00163778 0.0743599
0.0263 0.00164519 0.0739357
0.0264 0.00165256 0.0735061
0.0265 0.00165989 0.0730711
0.0266 0.00166718 0.0726309
0.0267 0.00167442 0.0721854
0.0268 0.00168161 0.0717346
0.0269 0.00168876 0.0712786
0.027 0.00169587 0.0708174
0.0271 0.00170293 0.0703511
0.0272 0.00170994 0.0698796
0.0273 0.0017169 0.069403
0.0274 0.00172382 0.0689213
0.0275 0.00173069 0.0684347
0.0276 0.00173751 0.067943
0.0277 0.00174428 0.0674463
0.0278 0.001751 0.0669447
0.0279 0.00175766 0.0664382
0.028 0.00176428 0.0659268
0.0281 0.00177085 0.0654106
0.0282 0.00177736 0.0648896
0.0283 0.00178383 0.0643638
0.0284 0.00179024 0.0638332
0.0285 0.00179659 0.063298
0.0286 0.0018029 0.0627581
0.0287 0.00180915 0.0622135
0.0288 0.00181534 0.0616644
0.0289 0.00182148 0.0611107
0.029 0.00182756 0.0605524
0.0291 0.00183359 0.0599897
0.0292 0.00183956 0.0594225
0.0293 0.00184547 0.0588509
0.0294 0.00185133 0.0582749
0.0295 0.00185713 0.0576946
0.0296 0.00186287 0.05711
0.0297 0.00186855 0.0565211
0.0298 0.00187417 0.055928
0.0299 0.00187973 0.0553307
0.03 0.00188524 0.0547292
0.0301 0.00189068 0.0541236
0.0302 0.00189606 0.053514
0.0303 0.00190138 0.0529003
0.0304 0.00190664 0.0522826
0.0305 0.00191184 0.051661
0.0306 0.00191697 0.0510355
0.0307 0.00192205 0.050406
0.0308 0.00192706 0.0497728
0.0309 0.001932 0.0491358
0.031 0.00193688 0.048495
0.0311 0.0019417 0.0478505
0.0312 0.00194645 0.0472024
0.0313 0.00195114 0.0465506
0.0314 0.00195576 0.0458952
0.0315 0.00196032 0.0452363
0.0316 0.00196481 0.044574
0.0317 0.00196923 0.0439081
0.0318 0.00197359 0.0432389
0.0319 0.00197788 0.0425663
0.032 0.0019821 0.0418903
0.0321 0.00198626 0.0412111
0.0322 0.00199035 0.0405287
0.0323 0.00199437 0.039843
0.0324 0.00199831 0.0391542
0.0325 0.0020022 0.0384624
0.0326 0.00200601 0.0377674
0.0327 0.00200975 0.0370695
0.0328 0.00201342 0.0363686
0.0329 0.00201702 0.0356647
0.033 0.00202055 0.034958
0.0331 0.00202401 0.0342485
0.0332 0.0020274 0.0335362
0.0333 0.00203072 0.0328211
0.0334 0.00203397 0.0321034
0.0335 0.00203714 0.031383
0.0336 0.00204024 0.03066
0.0337 0.00204327 0.0299345
0.0338 0.00204623 0.0292064
0.0339 0.00204912 0.0284759
0.034 0.00205193 0.027743
0.0341 0.00205466 0.0270078
0.0342 0.00205733 0.0262702
0.0343 0.00205992 0.0255304
0.0344 0.00206243 0.0247883
0.0345 0.00206488 0.0240441
0.0346 0.00206724 0.0232977
0.0347 0.00206953 0.0225493
0.0348 0.00207175 0.0217989
0.0349 0.00207389 0.0210465
0.035 0.00207596 0.0202921
0.0351 0.00207795 0.0195359
0.0352 0.00207987 0.0187778
0.0353 0.00208171 0.018018
0.0354 0.00208347 0.0172564
0.0355 0.00208516 0.0164932
0.0356 0.00208677 0.0157283
0.0357 0.00208831 0.0149619
0.0358 0.00208976 0.0141939
0.0359 0.00209114 0.0134244
0.036 0.00209245 0.0126535
0.0361 0.00209367 0.0118812
0.0362 0.00209482 0.0111076
0.0363 0.0020959 0.0103327
0.0364 0.00209689 0.00955656
0.0365 0.00209781 0.00877924
0.0366 0.00209865 0.00800078
0.0367 0.00209941 0.00722125
0.0368 0.00210009 0.00644068
0.0369 0.0021007 0.00565914
0.037 0.00210122 0.00487666
0.0371 0.00210167 0.0040933
0.0372 0.00210204 0.00330912
0.0373 0.00210233 0.00252415
0.0374 0.00210255 0.00173846
0.0375 0.00210268 0.000952093
0.0376 0.00210274 0.000165099
0.0377 0.00210271 -0.000622469
0.0378 0.00210261 -0.00141056
0.0379 0.00210243 -0.00219913
0.038 0.00210217 -0.00298811
0.0381 0.00210183 -0.00377747
0.0382 0.00210142 -0.00456715
0.0383 0.00210092 -0.00535709
0.0384 0.00210034 -0.00614726
0.0385 0.00209969 -0.00693758
0.0386 0.00209896 -0.00772803
0.0387 0.00209814 -0.00851854
0.0388 0.00209725 -0.00930906
0.0389 0.00209628 -0.0100995
0.039 0.00209523 -0.0108899
0.0391 0.00209411 -0.0116802
0.0392 0.0020929 -0.0124702
0.0393 0.00209161 -0.0132601
0.0394 0.00209025 -0.0140496
0.0395 0.0020888 -0.0148388
0.0396 0.00208728 -0.0156275
0.0397 0.00208568 -0.0164159
0.0398 0.00208399 -0.0172037
0.0399 0.00208223 -0.017991
0.04 0.0020804 -0.0187777
0.0401 0.00207848 -0.0195637
0.0402 0.00207648 -0.0203491
0.0403 0.00207441 -0.0211336
0.0404 0.00207226 -0.0219174
0.0405 0.00207003 -0.0227003
0.0406 0.00206772 -0.0234824
0.0407 0.00206533 -0.0242634
0.0408 0.00206286 -0.0250435
0.0409 0.00206032 -0.0258225
0.041 0.0020577 -0.0266004
0.0411 0.002055 -0.0273771
0.0412 0.00205222 -0.0281526
0.0413 0.00204937 -0.0289269
0.0414 0.00204644 -0.0296999
0.0415 0.00204343 -0.0304715
0.0416 0.00204035 -0.0312417
0.0417 0.00203718 -0.0320104
0.0418 0.00203394 -0.0327776
0.0419 0.00203063 -0.0335433
0.042 0.00202723 -0.0343074
0.0421 0.00202377 -0.0350698
0.0422 0.00202022 -0.0358305
0.0423 0.0020166 -0.0365894
0.0424 0.0020129 -0.0373466
0.0425 0.00200913 -0.0381019
0.0426 0.00200528 -0.0388553
0.0427 0.00200136 -0.0396067
0.0428 0.00199736 -0.0403562
0.0429 0.00199329 -0.0411036
0.043 0.00198914 -0.0418489
0.0431 0.00198492 -0.042592
0.0432 0.00198062 -0.043333
0.0433 0.00197625 -0.0440717
0.0434 0.00197181 -0.0448081
0.0435 0.00196729 -0.0455422
0.0436 0.0019627 -0.046274
0.0437 0.00195804 -0.0470033
0.0438 0.0019533 -0.0477301
0.0439 0.00194849 -0.0484543
0.044 0.00194361 -0.0491761
0.0441 0.00193865 -0.0498952
0.0442 0.00193363 -0.0506116
0.0443 0.00192853 -0.0513253
0.0444 0.00192336 -0.0520363
0.0445 0.00191813 -0.0527444
0.0446 0.00191282 -0.0534497
0.0447 0.00190744 -0.0541521
0.0448 0.00190199 -0.0548516
0.0449 0.00189647 -0.0555481
0.045 0.00189088 -0.0562416
0.0451 0.00188522 -0.0569319
0.0452 0.00187949 -0.0576192
0.0453 0.00187369 -0.0583033
0.0454 0.00186783 -0.0589842
0.0455 0.0018619 -0.0596618
0.0456 0.0018559 -0.0603361
0.0457 0.00184983 -0.0610071
0.0458 0.0018437 -0.0616747
0.0459 0.00183749 -0.0623389
0.046 0.00183123 -0.0629996
0.0461 0.00182489 -0.0636568
0.0462 0.0018185 -0.0643105
0.0463 0.00181203 -0.0649605
0.0464 0.0018055 -0.0656069
0.0465 0.00179891 -0.0662496
0.0466 0.00179225 -0.0668886
0.0467 0.00178553 -0.0675238
0.0468 0.00177875 -0.0681552
0.0469 0.0017719 -0.0687828
0.047 0.00176499 -0.0694065
0.0471 0.00175802 -0.0700263
0.0472 0.00175099 -0.070642
0.0473 0.00174389 -0.0712538
0.0474 0.00173674 -0.0718615
0.0475 0.00172952 -0.0724652
0.0476 0.00172224 -0.0730647
0.0477 0.00171491 -0.07366
0.0478 0.00170751 -0.0742512
0.0479 0.00170006 -0.0748381
0.048 0.00169255 -0.0754207
0.0481 0.00168497 -0.075999
0.0482 0.00167735 -0.0765729
0.0483 0.00166966 -0.0771425
0.0484 0.00166192 -0.0777076
0.0485 0.00165412 -0.0782682
0.0486 0.00164626 -0.0788244
0.0487 0.00163835 -0.079376
0.0488 0.00163039 -0.079923
0.0489 0.00162237 -0.0804654
0.049 0.0016143 -0.0810032
0.0491 0.00160617 -0.0815363
0.0492 0.00159799 -0.0820647
0.0493 0.00158976 -0.0825883
0.0494 0.00158147 -0.0831071
0.0495 0.00157313 -0.0836212
0.0496 0.00156475 -0.0841303
0.0497 0.00155631 -0.0846346
0.0498 0.00154782 -0.085134
0.0499 0.00153928 -0.0856284
0.05 0.00153069 -0.0861178
0.0501 0.00152206 -0.0866023
0.0502 0.00151337 -0.0870816
0.0503 0.00150464 -0.0875559
0.0504 0.00149586 -0.0880251
0.0505 0.00148704 -0.0884892
0.0506 0.00147817 -0.0889481
0.0507 0.00146925 -0.0894018
0.0508 0.00146029 -0.0898502
0.0509 0.00145128 -0.0902934
0.051 0.00144223 -0.0907314
0.0511 0.00143313 -0.091164
0.0512 0.00142399 -0.0915912
0.0513 0.00141481 -0.0920131
0.0514 0.00140559 -0.0924296
0.0515 0.00139633 -0.0928407
0.0516 0.00138702 -0.0932463
0.0517 0.00137768 -0.0936465
0.0518 0.0013683 -0.0940411
0.0519 0.00135887 -0.0944302
0.052 0.00134941 -0.0948138
0.0521 0.00133991 -0.0951917
0.0522 0.00133037 -0.0955641
0.0523 0.0013208 -0.0959308
0.0524 0.00131119 -0.0962919
0.0525 0.00130154 -0.0966473
0.0526 0.00129186 -0.096997
0.0527 0.00128214 -0.097341
0.0528 0.00127239 -0.0976793
0.0529 0.0012626 -0.0980117
0.053 0.00125279 -0.0983384
0.0531 0.00124294 -0.0986593
0.0532 0.00123305 -0.0989743
0.0533 0.00122314 -0.0992835
0.0534 0.0012132 -0.0995868
0.0535 0.00120322 -0.0998843
0.0536 0.00119322 -0.100176
0.0537 0.00118319 -0.100461
0.0538 0.00117313 -0.100741
0.0539 0.00116304 -0.101015
0.054 0.00115293 -0.101282
0.0541 0.00114278 -0.101544
0.0542 0.00113262 -0.1018
0.0543 0.00112243 -0.102049
0.0544 0.00111221 -0.102293
0.0545 0.00110197 -0.10253
0.0546 0.0010917 -0.102762
0.0547 0.00108141 -0.102987
0.0548 0.0010711 -0.103206
0.0549 0.00106077 -0.103419
0.055 0.00105042 -0.103626
0.0551 0.00104005 -0.103827
0.0552 0.00102966 -0.104021
0.0553 0.00101924 -0.10421
0.0554 0.00100881 -0.104392
0.0555 0.000998366 -0.104568
0.0556 0.000987901 -0.104738
0.0557 0.000977419 -0.104901
0.0558 0.000966921 -0.105059
0.0559 0.000956407 -0.10521
0.056 0.000945879 -0.105354
0.0561 0.000935337 -0.105493
0.0562 0.000924781 -0.105625
0.0563 0.000914212 -0.105751
0.0564 0.000903631 -0.105871
0.0565 0.000893038 -0.105984
0.0566 0.000882434 -0.106091
0.0567 0.00087182 -0.106192
0.0568 0.000861196 -0.106286
0.0569 0.000850563 -0.106374
0.057 0.000839921 -0.106456
0.0571 0.000829272 -0.106531
0.0572 0.000818616 -0.1066
0.0573 0.000807952 -0.106662
0.0574 0.000797283 -0.106719
0.0575 0.000786609 -0.106768
0.0576 0.00077593 -0.106812
0.0577 0.000765247 -0.106849
0.0578 0.00075456 -0.10688
0.0579 0.000743871 -0.106904
0.058 0.00073318 -0.106922
0.0581 0.000722487 -0.106934
0.0582 0.000711793 -0.106939
0.0583 0.000701099 -0.106938
0.0584 0.000690406 -0.10693
0.0585 0.000679713 -0.106916
0.0586 0.000669023 -0.106896
0.0587 0.000658334 -0.106869
0.0588 0.000647649 -0.106836
0.0589 0.000636967 -0.106797
0.059 0.00062629 -0.106751
0.0591 0.000615617 -0.106698
0.0592 0.00060495 -0.10664
0.0593 0.00059429 -0.106575
0.0594 0.000583636 -0.106503
0.0595 0.000572989 -0.106426
0.0596 0.000562351 -0.106342
0.0597 0.000551721 -0.106251
0.0598 0.000541101 -0.106154
0.0599 0.00053049 -0.106051
0.06 0.000519891 -0.105942
0.0601 0.000509302 -0.105826
0.0602 0.000498726 -0.105704
0.0603 0.000488162 -0.105575
0.0604 0.000477611 -0.105441
0.0605 0.000467074 -0.1053
0.0606 0.000456551 -0.105152
0.0607 0.000446044 -0.104999
0.0608 0.000435552 -0.104839
0.0609 0.000425076 -0.104673
0.061 0.000414617 -0.1045
0.0611 0.000404176 -0.104321
0.0612 0.000393753 -0.104137
0.0613 0.000383349 -0.103945
0.0614 0.000372964 -0.103748
0.0615 0.0003626 -0.103545
0.0616 0.000352256 -0.103335
0.0617 0.000341933 -0.103119
0.0618 0.000331632 -0.102897
0.0619 0.000321354 -0.102669
0.062 0.000311099 -0.102435
0.0621 0.000300867 -0.102194
0.0622 0.00029066 -0.101948
0.0623 0.000280478 -0.101695
0.0624 0.000270321 -0.101436
0.0625 0.000260191 -0.101172
0.0626 0.000250087 -0.100901
0.0627 0.000240011 -0.100624
0.0628 0.000229962 -0.100341
0.0629 0.000219943 -0.100053
0.063 0.000209952 -0.0997579
0.0631 0.000199991 -0.0994573
0.0632 0.000190061 -0.0991507
0.0633 0.000180161 -0.0988381
0.0634 0.000170293 -0.0985197
0.0635 0.000160457 -0.0981955
0.0636 0.000150654 -0.0978653
0.0637 0.000140885 -0.0975294
0.0638 0.000131149 -0.0971876
0.0639 0.000121447 -0.0968401
0.064 0.000111781 -0.0964868
0.0641 0.00010215 -0.0961277
0.0642 9.25555e-05 -0.0957629
0.0643 8.29977e-05 -0.0953924
0.0644 7.34772e-05 -0.0950163
0.0645 6.39946e-05 -0.0946345
0.0646 5.45505e-05 -0.0942471
0.0647 4.51454e-05 -0.093854
0.0648 3.57799e-05 -0.0934554
0.0649 2.64545e-05 -0.0930513
0.065 1.71698e-05 -0.0926416
0.0651 7.92636e-06 -0.0922264
0.0652 -1.2753e-06 -0.0918057
0.0653 -1.04346e-05 -0.0913796
0.0654 -1.9551e-05 -0.0909481
0.0655 -2.8624e-05 -0.0905112
0.0656 -3.76531e-05 -0.0900689
0.0657 -4.66376e-05 -0.0896212
0.0658 -5.55772e-05 -0.0891683
0.0659 -6.44711e-05 -0.0887101
0.066 -7.3319e-05 -0.0882466
0.0661 -8.21203e-05 -0.0877779
0.0662 -9.08744e-05 -0.087304
0.0663 -9.95809e-05 -0.0868249
0.0664 -0.000108239 -0.0863407
0.0665 -0.000116849 -0.0858514
0.0666 -0.000125409 -0.085357
0.0667 -0.00013392 -0.0848576
0.0668 -0.000142381 -0.0843532
0.0669 -0.000150791 -0.0838438
0.067 -0.000159149 -0.0833294
0.0671 -0.000167456 -0.0828101
0.0672 -0.000175711 -0.082286
0.0673 -0.000183913 -0.081757
0.0674 -0.000192062 -0.0812232
0.0675 -0.000200158 -0.0806846
0.0676 -0.000208199 -0.0801412
0.0677 -0.000216186 -0.0795932
0.0678 -0.000224118 -0.0790405
0.0679 -0.000231994 -0.0784831
0.068 -0.000239814 -0.0779211
0.0681 -0.000247578 -0.0773546
0.0682 -0.000255285 -0.0767835
0.0683 -0.000262934 -0.0762079
0.0684 -0.000270526 -0.0756278
0.0685 -0.00027806 -0.0750434
0.0686 -0.000285535 -0.0744545
0.0687 -0.000292951 -0.0738613
0.0688 -0.000300307 -0.0732637
0.0689 -0.000307603 -0.0726619
0.069 -0.000314839 -0.0720559
0.0691 -0.000322014 -0.0714456
0.0692 -0.000329128 -0.0708312
0.0693 -0.00033618 -0.0702127
0.0694 -0.000343171 -0.06959
0.0695 -0.000350098 -0.0689634
0.0696 -0.000356963 -0.0683327
0.0697 -0.000363765 -0.0676981
0.0698 -0.000370503 -0.0670595
0.0699 -0.000377176 -0.0664171
0.07 -0.000383786 -0.0657708
0.0701 -0.00039033 -0.0651207
0.0702 -0.00039681 -0.0644668
0.0703 -0.000403224 -0.0638093
0.0704 -0.000409572 -0.063148
0.0705 -0.000415853 -0.0624831
0.0706 -0.000422068 -0.0618146
0.0707 -0.000428216 -0.0611426
0.0708 -0.000434296 -0.0604671
0.0709 -0.000440309 -0.0597881
0.071 -0.000446254 -0.0591056
0.0711 -0.00045213 -0.0584198
0.0712 -0.000457938 -0.0577307
0.0713 -0.000463676 -0.0570382
0.0714 -0.000469345 -0.0563425
0.0715 -0.000474945 -0.0556436
0.0716 -0.000480474 -0.0549416
0.0717 -0.000485933 -0.0542364
0.0718 -0.000491321 -0.0535281
0.0719 -0.000496638 -0.0528169
0.072 -0.000501884 -0.0521026
0.0721 -0.000507059 -0.0513854
0.0722 -0.000512161 -0.0506654
0.0723 -0.000517192 -0.0499424
0.0724 -0.00052215 -0.0492167
0.0725 -0.000527035 -0.0484882
0.0726 -0.000531847 -0.0477571
0.0727 -0.000536586 -0.0470232
0.0728 -0.000541252 -0.0462868
0.0729 -0.000545844 -0.0455477
0.073 -0.000550361 -0.0448062
0.0731 -0.000554805 -0.0440622
0.0732 -0.000559174 -0.0433157
0.0733 -0.000563468 -0.0425669
0.0734 -0.000567687 -0.0418158
0.0735 -0.000571831 -0.0410623
0.0736 -0.000575899 -0.0403066
0.0737 -0.000579892 -0.0395488
0.0738 -0.000583809 -0.0387888
0.0739 -0.00058765 -0.0380267
0.074 -0.000591414 -0.0372626
0.0741 -0.000595102 -0.0364964
0.0742 -0.000598714 -0.0357284
0.0743 -0.000602248 -0.0349584
0.0744 -0.000605705 -0.0341866
0.0745 -0.000609085 -0.033413
0.0746 -0.000612388 -0.0326376
0.0747 -0.000615613 -0.0318606
0.0748 -0.00061876 -0.0310818
0.0749 -0.000621829 -0.0303015
0.075 -0.00062482 -0.0295196
0.0751 -0.000627733 -0.0287363
0.0752 -0.000630567 -0.0279514
0.0753 -0.000633323 -0.0271652
0.0754 -0.000636 -0.0263776
0.0755 -0.000638599 -0.0255888
0.0756 -0.000641118 -0.0247986
0.0757 -0.000643558 -0.0240073
0.0758 -0.000645919 -0.0232148
0.0759 -0.000648201 -0.0224212
0.076 -0.000650404 -0.0216265
0.0761 -0.000652526 -0.0208309
0.0762 -0.00065457 -0.0200343
0.0763 -0.000656533 -0.0192368
0.0764 -0.000658417 -0.0184384
0.0765 -0.000660221 -0.0176393
0.0766 -0.000661945 -0.0168394
0.0767 -0.000663589 -0.0160388
0.0768 -0.000665153 -0.0152376
0.0769 -0.000666636 -0.0144357
0.077 -0.00066804 -0.0136334
0.0771 -0.000669363 -0.0128305
0.0772 -0.000670606 -0.0120272
0.0773 -0.000671768 -0.0112235
0.0774 -0.000672851 -0.0104194
0.0775 -0.000673852 -0.00961507
0.0776 -0.000674774 -0.00881049
0.0777 -0.000675614 -0.00800573
0.0778 -0.000676375 -0.00720083
0.0779 -0.000677055 -0.00639585
0.078 -0.000677654 -0.00559083
0.0781 -0.000678173 -0.00478583
0.0782 -0.000678611 -0.0039809
0.0783 -0.000678969 -0.00317608
0.0784 -0.000679246 -0.00237144
0.0785 -0.000679443 -0.00156702
0.0786 -0.00067956 -0.000762874
0.0787 -0.000679596 4.09497e-05
0.0788 -0.000679551 0.000844398
0.0789 -0.000679427 0.00164742
0.079 -0.000679222 0.00244996
0.0791 -0.000678937 0.00325198
0.0792 -0.000678572 0.00405342
0.0793 -0.000678126 0.00485423
0.0794 -0.000677601 0.00565435
0.0795 -0.000676995 0.00645375
0.0796 -0.00067631 0.00725236
0.0797 -0.000675545 0.00805014
0.0798 -0.0006747 0.00884704
0.0799 -0.000673776 0.009643
0.08 -0.000672772 0.010438
0.0801 -0.000671688 0.0112319
0.0802 -0.000670525 0.0120248
0.0803 -0.000669283 0.0128165
0.0804 -0.000667962 0.013607
0.0805 -0.000666562 0.0143963
0.0806 -0.000665083 0.0151843
0.0807 -0.000663525 0.015971
0.0808 -0.000661889 0.0167563
0.0809 -0.000660174 0.0175401
0.081 -0.000658381 0.0183225
0.0811 -0.000656509 0.0191033
0.0812 -0.00065456 0.0198825
0.0813 -0.000652533 0.0206601
0.0814 -0.000650428 0.021436
0.0815 -0.000648246 0.0222102
0.0816 -0.000645986 0.0229826
0.0817 -0.000643649 0.0237532
0.0818 -0.000641235 0.0245219
0.0819 -0.000638745 0.0252886
0.082 -0.000636178 0.0260534
0.0821 -0.000633534 0.0268161
0.0822 -0.000630815 0.0275768
0.0823 -0.000628019 0.0283354
0.0824 -0.000625148 0.0290917
0.0825 -0.000622201 0.0298459
0.0826 -0.000619179 0.0305978
0.0827 -0.000616081 0.0313473
0.0828 -0.000612909 0.0320945
0.0829 -0.000609662 0.0328393
0.083 -0.000606341 0.0335817
0.0831 -0.000602946 0.0343215
0.0832 -0.000599477 0.0350588
0.0833 -0.000595935 0.0357934
0.0834 -0.000592319 0.0365255
0.0835 -0.00058863 0.0372548
0.0836 -0.000584868 0.0379814
0.0837 -0.000581033 0.0387052
0.0838 -0.000577127 0.0394262
0.0839 -0.000573148 0.0401443
0.084 -0.000569098 0.0408595
0.0841 -0.000564976 0.0415717
0.0842 -0.000560784 0.0422809
0.0843 -0.00055652 0.042987
0.0844 -0.000552186 0.0436901
0.0845 -0.000547782 0.04439
0.0846 -0.000543309 0.0450867
0.0847 -0.000538765 0.0457801
0.0848 -0.000534153 0.0464703
0.0849 -0.000529471 0.0471572
0.085 -0.000524721 0.0478406
0.0851 -0.000519903 0.0485207
0.0852 -0.000515017 0.0491973
0.0853 -0.000510064 0.0498705
0.0854 -0.000505043 0.0505401
0.0855 -0.000499956 0.0512061
0.0856 -0.000494802 0.0518684
0.0857 -0.000489582 0.0525271
0.0858 -0.000484297 0.0531822
0.0859 -0.000478946 0.0538334
0.086 -0.00047353 0.0544809
0.0861 -0.00046805 0.0551245
0.0862 -0.000462506 0.0557642
0.0863 -0.000456897 0.0564001
0.0864 -0.000451226 0.057032
0.0865 -0.000445491 0.0576599
0.0866 -0.000439694 0.0582837
0.0867 -0.000433834 0.0589035
0.0868 -0.000427913 0.0595192
0.0869 -0.000421931 0.0601307
0.087 -0.000415887 0.060738
0.0871 -0.000409783 0.0613411
0.0872 -0.000403619 0.0619399
0.0873 -0.000397395 0.0625345
0.0874 -0.000391112 0.0631246
0.0875 -0.000384771 0.0637104
0.0876 -0.000378371 0.0642918
0.0877 -0.000371912 0.0648687
0.0878 -0.000365397 0.0654412
0.0879 -0.000358824 0.0660091
0.088 -0.000352195 0.0665724
0.0881 -0.00034551 0.0671311
0.0882 -0.000338769 0.0676853
0.0883 -0.000331973 0.0682347
0.0884 -0.000325122 0.0687794
0.0885 -0.000318217 0.0693194
0.0886 -0.000311259 0.0698546
0.0887 -0.000304247 0.070385
0.0888 -0.000297182 0.0709106
0.0889 -0.000290065 0.0714313
0.089 -0.000282896 0.0719471
0.0891 -0.000275675 0.0724579
0.0892 -0.000268404 0.0729638
0.0893 -0.000261083 0.0734647
0.0894 -0.000253712 0.0739605
0.0895 -0.000246291 0.0744513
0.0896 -0.000238822 0.0749369
0.0897 -0.000231304 0.0754175
0.0898 -0.000223738 0.0758928
0.0899 -0.000216125 0.076363
0.09 -0.000208466 0.076828
0.0901 -0.00020076 0.0772877
0.0902 -0.000193008 0.0777421
0.0903 -0.000185212 0.0781913
0.0904 -0.00017737 0.0786351
0.0905 -0.000169485 0.0790735
0.0906 -0.000161556 0.0795065
0.0907 -0.000153584 0.0799342
0.0908 -0.000145569 0.0803563
0.0909 -0.000137513 0.080773
0.091 -0.000129415 0.0811842
0.0911 -0.000121276 0.0815899
0.0912 -0.000113097 0.0819901
0.0913 -0.000104878 0.0823846
0.0914 -9.66202e-05 0.0827736
0.0915 -8.83236e-05 0.0831569
0.0916 -7.9989e-05 0.0835346
0.0917 -7.16169e-05 0.0839066
0.0918 -6.32079e-05 0.0842729
0.0919 -5.47625e-05 0.0846335
0.092 -4.62814e-05 0.0849883
0.0921 -3.7765e-05 0.0853374
0.0922 -2.92141e-05 0.0856807
0.0923 -2.06291e-05 0.0860182
0.0924 -1.20106e-05 0.0863498
0.0925 -3.3593e-06 0.0866757
0.0926 5.32431e-06 0.0869956
0.0927 1.40396e-05 0.0873096
0.0928 2.2786e-05 0.0876178
0.0929 3.1563e-05 0.08792
0.093 4.03698e-05 0.0882162
0.0931 4.9206e-05 0.0885065
0.0932 5.80709e-05 0.0887908
0.0933 6.6964e-05 0.0890691
0.0934 7.58846e-05 0.0893414
0.0935 8.48321e-05 0.0896076
0.0936 9.38059e-05 0.0898678
0.0937 0.000102805 0.0901219
0.0938 0.00011183 0.0903699
0.0939 0.000120879 0.0906118
0.094 0.000129952 0.0908476
0.0941 0.000139049 0.0910773
0.0942 0.000148167 0.0913008
0.0943 0.000157308 0.0915182
0.0944 0.000166471 0.0917293
0.0945 0.000175654 0.0919343
0.0946 0.000184858 0.0921331
0.0947 0.000194081 0.0923257
0.0948 0.000203322 0.092512
0.0949 0.000212583 0.0926921
0.095 0.000221861 0.092866
0.0951 0.000231156 0.0930336
0.0952 0.000240467 0.0931949
0.0953 0.000249795 0.09335
0.0954 0.000259137 0.0934988
0.0955 0.000268494 0.0936412
0.0956 0.000277865 0.0937774
0.0957 0.000287249 0.0939072
0.0958 0.000296646 0.0940308
0.0959 0.000306055 0.0941479
0.096 0.000315476 0.0942588
0.0961 0.000324907 0.0943633
0.0962 0.000334348 0.0944614
0.0963 0.000343799 0.0945532
0.0964 0.000353259 0.0946387
0.0965 0.000362726 0.0947177
0.0966 0.000372202 0.0947904
0.0967 0.000381684 0.0948567
0.0968 0.000391173 0.0949167
0.0969 0.000400667 0.0949702
0.097 0.000410167 0.0950174
0.0971 0.000419671 0.0950582
0.0972 0.000429178 0.0950925
0.0973 0.000438689 0.0951205
0.0974 0.000448202 0.0951421
0.0975 0.000457717 0.0951573
0.0976 0.000467233 0.0951661
0.0977 0.00047675 0.0951685
0.0978 0.000486267 0.0951645
0.0979 0.000495783 0.095154
0.098 0.000505297 0.0951372
0.0981 0.00051481 0.095114
0.0982 0.00052432 0.0950845
0.0983 0.000533827 0.0950485
0.0984 0.00054333 0.0950061
0.0985 0.000552828 0.0949574
0.0986 0.000562321 0.0949022
0.0987 0.000571808 0.0948407
0.0988 0.000581289 0.0947728
0.0989 0.000590762 0.0946985
0.099 0.000600228 0.0946179
0.0991 0.000609686 0.0945309
0.0992 0.000619134 0.0944376
0.0993 0.000628573 0.0943379
0.0994 0.000638002 0.0942319
0.0995 0.000647419 0.0941195
0.0996 0.000656825 0.0940009
0.0997 0.000666219 0.0938759
0.0998 0.0006756 0.0937446
0.0999 0.000684968 0.0936069
0.1 0.000694321 0.093463
0.1001 0.00070366 0.0933129
0.1002 0.000712984 0.0931564
0.1003 0.000722291 0.0929937
0.1004 0.000731582 0.0928247
0.1005 0.000740856 0.0926495
0.1006 0.000750112 0.0924681
0.1007 0.000759349 0.0922804
0.1008 0.000768568 0.0920866
0.1009 0.000777767 0.0918865
0.101 0.000786945 0.0916803
0.1011 0.000796102 0.0914679
0.1012 0.000805238 0.0912494
0.1013 0.000814352 0.0910247
0.1014 0.000823443 0.0907939
0.1015 0.000832511 0.090557
0.1016 0.000841554 0.090314
0.1017 0.000850573 0.0900649
0.1018 0.000859567 0.0898098
0.1019 0.000868535 0.0895486
0.102 0.000877477 0.0892814
0.1021 0.000886391 0.0890082
0.1022 0.000895278 0.088729
0.1023 0.000904137 0.0884438
0.1024 0.000912967 0.0881527
0.1025 0.000921767 0.0878556
0.1026 0.000930538 0.0875526
0.1027 0.000939277 0.0872438
0.1028 0.000947986 0.086929
0.1029 0.000956663 0.0866084
0.103 0.000965308 0.086282
0.1031 0.000973919 0.0859497
0.1032 0.000982497 0.0856117
0.1033 0.000991041 0.0852679
0.1034 0.000999551 0.0849183
0.1035 0.00100802 0.084563
0.1036 0.00101646 0.084202
0.1037 0.00102487 0.0838354
0.1038 0.00103323 0.083463
0.1039 0.00104156 0.0830851
0.104 0.00104985 0.0827015
0.1041 0.0010581 0.0823124
0.1042 0.00106631 0.0819177
0.1043 0.00107448 0.0815175
0.1044 0.00108261 0.0811117
0.1045 0.0010907 0.0807005
0.1046 0.00109875 0.0802838
0.1047 0.00110676 0.0798618
0.1048 0.00111472 0.0794343
0.1049 0.00112265 0.0790014
0.105 0.00113052 0.0785632
0.1051 0.00113836 0.0781197
0.1052 0.00114615 0.0776709
0.1053 0.00115389 0.0772169
0.1054 0.00116159 0.0767576
0.1055 0.00116924 0.0762931
0.1056 0.00117685 0.0758235
0.1057 0.00118441 0.0753487
0.1058 0.00119192 0.0748688
0.1059 0.00119938 0.0743839
0.106 0.0012068 0.0738939
0.1061 0.00121416 0.0733988
0.1062 0.00122148 0.0728988
0.1063 0.00122874 0.0723939
0.1064 0.00123595 0.071884
0.1065 0.00124312 0.0713693
0.1066 0.00125023 0.0708497
0.1067 0.00125729 0.0703253
0.1068 0.00126429 0.0697961
0.1069 0.00127125 0.0692622
0.107 0.00127815 0.0687236
0.1071 0.00128499 0.0681802
0.1072 0.00129178 0.0676323
0.1073 0.00129852 0.0670797
0.1074 0.0013052 0.0665226
0.1075 0.00131182 0.0659609
0.1076 0.00131839 0.0653947
0.1077 0.0013249 0.064824
0.1078 0.00133135 0.064249
0.1079 0.00133775 0.0636695
0.108 0.00134409 0.0630857
0.1081 0.00135037 0.0624976
0.1082 0.00135659 0.0619052
0.1083 0.00136275 0.0613085
0.1084 0.00136885 0.0607077
0.1085 0.00137489 0.0601027
0.1086 0.00138087 0.0594936
0.1087 0.00138679 0.0588803
0.1088 0.00139264 0.0582631
0.1089 0.00139844 0.0576418
0.109 0.00140417 0.0570166
0.1091 0.00140984 0.0563875
0.1092 0.00141545 0.0557545
0.1093 0.00142099 0.0551176
0.1094 0.00142647 0.0544769
0.1095 0.00143189 0.0538325
0.1096 0.00143724 0.0531843
0.1097 0.00144253 0.0525325
0.1098 0.00144775 0.0518771
0.1099 0.0014529 0.051218
0.11 0.00145799 0.0505554
0.1101 0.00146301 0.0498893
0.1102 0.00146797 0.0492197
0.1103 0.00147286 0.0485467
0.1104 0.00147768 0.0478704
0.1105 0.00148243 0.0471907
0.1106 0.00148711 0.0465077
0.1107 0.00149173 0.0458214
0.1108 0.00149628 0.045132
0.1109 0.00150076 0.0444394
0.111 0.00150517 0.0437437
0.1111 0.00150951 0.0430449
0.1112 0.00151378 0.0423431
0.1113 0.00151797 0.0416383
0.1114 0.0015221 0.0409306
0.1115 0.00152616 0.04022
0.1116 0.00153015 0.0395066
0.1117 0.00153406 0.0387903
0.1118 0.00153791 0.0380713
0.1119 0.00154168 0.0373496
0.112 0.00154538 0.0366253
0.1121 0.001549 0.0358983
0.1122 0.00155255 0.0351688
0.1123 0.00155603 0.0344368
0.1124 0.00155944 0.0337023
0.1125 0.00156278 0.0329653
0.1126 0.00156603 0.032226
0.1127 0.00156922 0.0314844
0.1128 0.00157233 0.0307405
0.1129 0.00157537 0.0299944
0.113 0.00157833 0.029246
0.1131 0.00158122 0.0284956
0.1132 0.00158403 0.027743
0.1133 0.00158677 0.0269884
0.1134 0.00158943 0.0262319
0.1135 0.00159201 0.0254733
0.1136 0.00159452 0.0247129
0.1137 0.00159695 0.0239507
0.1138 0.00159931 0.0231866
0.1139 0.00160159 0.0224209
0.114 0.0016038 0.0216534
0.1141 0.00160592 0.0208842
0.1142 0.00160797 0.0201135
0.1143 0.00160995 0.0193412
0.1144 0.00161184 0.0185674
0.1145 0.00161366 0.0177922
0.1146 0.0016154 0.0170156
0.1147 0.00161706 0.0162376
0.1148 0.00161865 0.0154584
0.1149 0.00162015 0.0146778
0.115 0.00162158 0.0138961
0.1151 0.00162293 0.0131133
0.1152 0.0016242 0.0123293
0.1153 0.0016254 0.0115443
0.1154 0.00162651 0.0107583
0.1155 0.00162755 0.00997136
0.1156 0.00162851 0.00918351
0.1157 0.00162939 0.00839483
0.1158 0.00163019 0.00760535
0.1159 0.00163091 0.00681512
0.116 0.00163155 0.00602421
0.1161 0.00163211 0.00523265
0.1162 0.0016326 0.00444051
0.1163 0.001633 0.00364782
0.1164 0.00163333 0.00285465
0.1165 0.00163357 0.00206104
0.1166 0.00163374 0.00126704
0.1167 0.00163383 0.00047271
0.1168 0.00163383 -0.000321906
0.1169 0.00163376 -0.00111675
0.117 0.00163361 -0.00191179
0.1171 0.00163338 -0.00270695
0.1172 0.00163307 -0.00350219
0.1173 0.00163268 -0.00429746
0.1174 0.00163221 -0.0050927
0.1175 0.00163166 -0.00588787
0.1176 0.00163103 -0.00668292
0.1177 0.00163032 -0.00747779
0.1178 0.00162954 -0.00827243
0.1179 0.00162867 -0.0090668
0.118 0.00162772 -0.00986083
0.1181 0.0016267 -0.0106545
0.1182 0.00162559 -0.0114477
0.1183 0.00162441 -0.0122405
0.1184 0.00162314 -0.0130327
0.1185 0.0016218 -0.0138243
0.1186 0.00162038 -0.0146153
0.1187 0.00161888 -0.0154056
0.1188 0.0016173 -0.0161951
0.1189 0.00161564 -0.0169839
0.119 0.0016139 -0.0177718
0.1191 0.00161208 -0.0185589
0.1192 0.00161019 -0.019345
0.1193 0.00160821 -0.0201301
0.1194 0.00160616 -0.0209142
0.1195 0.00160403 -0.0216972
0.1196 0.00160182 -0.022479
0.1197 0.00159954 -0.0232596
0.1198 0.00159717 -0.0240391
0.1199 0.00159473 -0.0248172
0.12 0.00159221 -0.0255939
0.1201 0.00158961 -0.0263693
0.1202 0.00158693 -0.0271432
0.1203 0.00158418 -0.0279157
0.1204 0.00158135 -0.0286866
0.1205 0.00157844 -0.0294559
0.1206 0.00157546 -0.0302236
0.1207 0.0015724 -0.0309895
0.1208 0.00156926 -0.0317538
0.1209 0.00156605 -0.0325162
0.121 0.00156276 -0.0332768
0.1211 0.00155939 -0.0340356
0.1212 0.00155595 -0.0347924
0.1213 0.00155243 -0.0355472
0.1214 0.00154884 -0.0362999
0.1215 0.00154518 -0.0370506
0.1216 0.00154143 -0.0377992
0.1217 0.00153762 -0.0385456
0.1218 0.00153372 -0.0392897
0.1219 0.00152976 -0.0400316
0.122 0.00152572 -0.0407712
0.1221 0.0015216 -0.0415084
0.1222 0.00151742 -0.0422432
0.1223 0.00151315 -0.0429755
0.1224 0.00150882 -0.0437053
0.1225 0.00150441 -0.0444325
0.1226 0.00149993 -0.0451572
0.1227 0.00149538 -0.0458792
0.1228 0.00149076 -0.0465985
0.1229 0.00148606 -0.047315
0.123 0.0014813 -0.0480288
0.1231 0.00147646 -0.0487397
0.1232 0.00147155 -0.0494477
0.1233 0.00146657 -0.0501528
0.1234 0.00146152 -0.050855
0.1235 0.0014564 -0.0515541
0.1236 0.00145121 -0.0522502
0.1237 0.00144595 -0.0529431
0.1238 0.00144062 -0.0536329
0.1239 0.00143522 -0.0543196
0.124 0.00142975 -0.0550029
0.1241 0.00142422 -0.055683
0.1242 0.00141862 -0.0563598
0.1243 0.00141295 -0.0570331
0.1244 0.00140721 -0.0577031
0.1245 0.00140141 -0.0583696
0.1246 0.00139554 -0.0590326
0.1247 0.0013896 -0.0596921
0.1248 0.0013836 -0.060348
0.1249 0.00137753 -0.0610002
0.125 0.0013714 -0.0616488
0.1251 0.0013652 -0.0622937
0.1252 0.00135894 -0.0629348
0.1253 0.00135262 -0.0635721
0.1254 0.00134623 -0.0642056
0.1255 0.00133977 -0.0648352
0.1256 0.00133326 -0.0654609
0.1257 0.00132668 -0.0660826
0.1258 0.00132004 -0.0667003
0.1259 0.00131334 -0.067314
0.126 0.00130658 -0.0679237
0.1261 0.00129976 -0.0685292
0.1262 0.00129287 -0.0691305
0.1263 0.00128593 -0.0697277
0.1264 0.00127893 -0.0703206
0.1265 0.00127187 -0.0709092
0.1266 0.00126475 -0.0714936
0.1267 0.00125757 -0.0720736
0.1268 0.00125033 -0.0726492
0.1269 0.00124304 -0.0732204
0.127 0.00123569 -0.0737871
0.1271 0.00122828 -0.0743494
0.1272 0.00122082 -0.0749071
0.1273 0.0012133 -0.0754602
0.1274 0.00120573 -0.0760088
0.1275 0.0011981 -0.0765527
0.1276 0.00119042 -0.0770919
0.1277 0.00118268 -0.0776264
0.1278 0.00117489 -0.0781562
0.1279 0.00116705 -0.0786812
0.128 0.00115916 -0.0792015
0.1281 0.00115121 -0.0797168
0.1282 0.00114321 -0.0802273
0.1283 0.00113516 -0.0807329
0.1284 0.00112707 -0.0812335
0.1285 0.00111892 -0.0817292
0.1286 0.00111072 -0.0822198
0.1287 0.00110247 -0.0827055
0.1288 0.00109418 -0.083186
0.1289 0.00108584 -0.0836615
0.129 0.00107745 -0.0841318
0.1291 0.00106901 -0.084597
0.1292 0.00106053 -0.0850569
0.1293 0.001052 -0.0855117
0.1294 0.00104343 -0.0859612
0.1295 0.00103481 -0.0864054
0.1296 0.00102615 -0.0868443
0.1297 0.00101744 -0.0872779
0.1298 0.00100869 -0.0877061
0.1299 0.000999898 -0.088129
0.13 0.000991064 -0.0885464
0.1301 0.000982189 -0.0889583
0.1302 0.000973273 -0.0893648
0.1303 0.000964316 -0.0897658
0.1304 0.00095532 -0.0901613
0.1305 0.000946284 -0.0905512
0.1306 0.00093721 -0.0909356
0.1307 0.000928097 -0.0913143
0.1308 0.000918947 -0.0916874
0.1309 0.00090976 -0.0920549
0.131 0.000900536 -0.0924167
0.1311 0.000891277 -0.0927728
0.1312 0.000881982 -0.0931232
0.1313 0.000872652 -0.0934679
0.1314 0.000863288 -0.0938068
0.1315 0.000853891 -0.0941399
0.1316 0.000844461 -0.0944672
0.1317 0.000834998 -0.0947886
0.1318 0.000825503 -0.0951043
0.1319 0.000815977 -0.095414
0.132 0.000806421 -0.0957179
0.1321 0.000796834 -0.0960158
0.1322 0.000787218 -0.0963078
0.1323 0.000777572 -0.0965939
0.1324 0.000767899 -0.096874
0.1325 0.000758198 -0.0971482
0.1326 0.00074847 -0.0974163
0.1327 0.000738715 -0.0976784
0.1328 0.000728934 -0.0979345
0.1329 0.000719128 -0.0981845
0.133 0.000709297 -0.0984285
0.1331 0.000699443 -0.0986663
0.1332 0.000689564 -0.0988981
0.1333 0.000679663 -0.0991238
0.1334 0.00066974 -0.0993433
0.1335 0.000659795 -0.0995567
0.1336 0.000649829 -0.0997639
0.1337 0.000639842 -0.099965
0.1338 0.000629836 -0.10016
0.1339 0.00061981 -0.100349
0.134 0.000609766 -0.100531
0.1341 0.000599704 -0.100707
0.1342 0.000589625 -0.100877
0.1343 0.000579529 -0.101041
0.1344 0.000569417 -0.101199
0.1345 0.00055929 -0.10135
0.1346 0.000549147 -0.101495
0.1347 0.000538991 -0.101633
0.1348 0.000528821 -0.101766
0.1349 0.000518638 -0.101892
0.135 0.000508443 -0.102012
0.1351 0.000498236 -0.102125
0.1352 0.000488018 -0.102232
0.1353 0.000477789 -0.102333
0.1354 0.000467551 -0.102428
0.1355 0.000457304 -0.102516
0.1356 0.000447048 -0.102598
0.1357 0.000436785 -0.102673
0.1358 0.000426514 -0.102742
0.1359 0.000416237 -0.102805
0.136 0.000405953 -0.102861
0.1361 0.000395665 -0.102911
0.1362 0.000385371 -0.102955
0.1363 0.000375074 -0.102992
0.1364 0.000364773 -0.103023
0.1365 0.00035447 -0.103047
0.1366 0.000344164 -0.103065
0.1367 0.000333857 -0.103077
0.1368 0.000323549 -0.103082
0.1369 0.000313241 -0.103081
0.137 0.000302933 -0.103073
0.1371 0.000292626 -0.103059
0.1372 0.000282321 -0.103039
0.1373 0.000272019 -0.103012
0.1374 0.000261719 -0.102979
0.1375 0.000251423 -0.10294
0.1376 0.000241131 -0.102894
0.1377 0.000230844 -0.102842
0.1378 0.000220563 -0.102783
0.1379 0.000210288 -0.102718
0.138 0.00020002 -0.102647
0.1381 0.000189759 -0.102569
0.1382 0.000179506 -0.102485
0.1383 0.000169262 -0.102395
0.1384 0.000159027 -0.102298
0.1385 0.000148803 -0.102195
0.1386 0.000138589 -0.102085
0.1387 0.000128386 -0.101969
0.1388 0.000118195 -0.101847
0.1389 0.000108017 -0.101719
0.139 9.78514e-05 -0.101584
0.1391 8.77e-05 -0.101443
0.1392 7.7563e-05 -0.101296
0.1393 6.74411e-05 -0.101142
0.1394 5.73348e-05 -0.100982
0.1395 4.72448e-05 -0.100816
0.1396 3.71717e-05 -0.100644
0.1397 2.71162e-05 -0.100465
0.1398 1.70789e-05 -0.10028
0.1399 7.06033e-06 -0.100089
0.14 -2.93879e-06 -0.0998921
0.1401 -1.29179e-05 -0.0996886
0.1402 -2.28763e-05 -0.099479
0.1403 -3.28135e-05 -0.0992632
0.1404 -4.27287e-05 -0.0990412
0.1405 -5.26215e-05 -0.0988131
0.1406 -6.24912e-05 -0.0985789
0.1407 -7.23371e-05 -0.0983385
0.1408 -8.21587e-05 -0.0980921
0.1409 -9.19553e-05 -0.0978396
0.141 -0.000101726 -0.097581
0.1411 -0.000111471 -0.0973164
0.1412 -0.000121189 -0.0970458
0.1413 -0.00013088 -0.0967691
0.1414 -0.000140543 -0.0964864
0.1415 -0.000150177 -0.0961978
0.1416 -0.000159782 -0.0959032
0.1417 -0.000169358 -0.0956027
0.1418 -0.000178903 -0.0952962
0.1419 -0.000188417 -0.0949839
0.142 -0.000197899 -0.0946656
0.1421 -0.00020735 -0.0943415
0.1422 -0.000216767 -0.0940116
0.1423 -0.000226152 -0.0936758
0.1424 -0.000235502 -0.0933342
0.1425 -0.000244819 -0.0929869
0.1426 -0.0002541 -0.0926338
0.1427 -0.000263345 -0.092275
0.1428 -0.000272554 -0.0919104
0.1429 -0.000281727 -0.0915402
0.143 -0.000290862 -0.0911643
0.1431 -0.00029996 -0.0907828
0.1432 -0.000309019 -0.0903956
0.1433 -0.000318039 -0.0900029
0.1434 -0.000327019 -0.0896046
0.1435 -0.000335959 -0.0892007
0.1436 -0.000344859 -0.0887914
0.1437 -0.000353717 -0.0883765
0.1438 -0.000362534 -0.0879562
0.1439 -0.000371308 -0.0875305
0.144 -0.00038004 -0.0870993
0.1441 -0.000388728 -0.0866628
0.1442 -0.000397372 -0.0862209
0.1443 -0.000405972 -0.0857737
0.1444 -0.000414527 -0.0853211
0.1445 -0.000423036 -0.0848633
0.1446 -0.000431499 -0.0844003
0.1447 -0.000439916 -0.0839321
0.1448 -0.000448286 -0.0834587
0.1449 -0.000456608 -0.0829801
0.145 -0.000464882 -0.0824964
0.1451 -0.000473107 -0.0820076
0.1452 -0.000481283 -0.0815138
0.1453 -0.000489409 -0.0810149
0.1454 -0.000497486 -0.0805111
0.1455 -0.000505511 -0.0800023
0.1456 -0.000513486 -0.0794885
0.1457 -0.000521409 -0.0789699
0.1458 -0.00052928 -0.0784464
0.1459 -0.000537098 -0.077918
0.146 -0.000544863 -0.0773849
0.1461 -0.000552575 -0.076847
0.1462 -0.000560233 -0.0763043
0.1463 -0.000567836 -0.075757
0.1464 -0.000575384 -0.075205
0.1465 -0.000582876 -0.0746484
0.1466 -0.000590313 -0.0740872
0.1467 -0.000597694 -0.0735214
0.1468 -0.000605017 -0.0729512
0.1469 -0.000612284 -0.0723764
0.147 -0.000619493 -0.0717972
0.1471 -0.000626643 -0.0712136
0.1472 -0.000633735 -0.0706256
0.1473 -0.000640768 -0.0700333
0.1474 -0.000647742 -0.0694367
0.1475 -0.000654655 -0.0688358
0.1476 -0.000661509 -0.0682307
0.1477 -0.000668301 -0.0676215
0.1478 -0.000675033 -0.067008
0.1479 -0.000681703 -0.0663905
0.148 -0.000688311 -0.0657689
0.1481 -0.000694856 -0.0651433
0.1482 -0.000701339 -0.0645138
0.1483 -0.000707759 -0.0638802
0.1484 -0.000714115 -0.0632428
0.1485 -0.000720407 -0.0626015
0.1486 -0.000726635 -0.0619564
0.1487 -0.000732799 -0.0613075
0.1488 -0.000738897 -0.0606548
0.1489 -0.000744929 -0.0599985
0.149 -0.000750896 -0.0593385
0.1491 -0.000756797 -0.0586749
0.1492 -0.000762631 -0.0580077
0.1493 -0.000768398 -0.057337
0.1494 -0.000774098 -0.0566628
0.1495 -0.000779731 -0.0559851
0.1496 -0.000785295 -0.0553041
0.1497 -0.000790792 -0.0546197
0.1498 -0.000796219 -0.0539319
0.1499 -0.000801578 -0.053241
0.15 -0.000806867 -0.0525467
0.1501 -0.000812087 -0.0518493
0.1502 -0.000817237 -0.0511488
0.1503 -0.000822317 -0.0504452
0.1504 -0.000827326 -0.0497385
0.1505 -0.000832264 -0.0490288
0.1506 -0.000837132 -0.0483162
0.1507 -0.000841928 -0.0476007
0.1508 -0.000846652 -0.0468822
0.1509 -0.000851304 -0.046161
0.151 -0.000855884 -0.045437
0.1511 -0.000860391 -0.0447103
0.1512 -0.000864826 -0.0439809
0.1513 -0.000869187 -0.0432488
0.1514 -0.000873475 -0.0425142
0.1515 -0.00087769 -0.041777
0.1516 -0.000881831 -0.0410373
0.1517 -0.000885897 -0.0402952
0.1518 -0.00088989 -0.0395506
0.1519 -0.000893807 -0.0388037
0.152 -0.00089765 -0.0380546
0.1521 -0.000901418 -0.0373031
0.1522 -0.000905111 -0.0365495
0.1523 -0.000908728 -0.0357936
0.1524 -0.00091227 -0.0350357
0.1525 -0.000915735 -0.0342757
0.1526 -0.000919125 -0.0335137
0.1527 -0.000922438 -0.0327497
0.1528 -0.000925675 -0.0319838
0.1529 -0.000928835 -0.031216
0.153 -0.000931918 -0.0304464
0.1531 -0.000934924 -0.0296751
0.1532 -0.000937853 -0.028902
0.1533 -0.000940704 -0.0281272
0.1534 -0.000943478 -0.0273508
0.1535 -0.000946174 -0.0265729
0.1536 -0.000948793 -0.0257934
0.1537 -0.000951333 -0.0250124
0.1538 -0.000953795 -0.02423
0.1539 -0.000956179 -0.0234463
0.154 -0.000958484 -0.0226612
0.1541 -0.000960711 -0.0218748
0.1542 -0.000962859 -0.0210872
0.1543 -0.000964928 -0.0202984
0.1544 -0.000966919 -0.0195085
0.1545 -0.00096883 -0.0187175
0.1546 -0.000970662 -0.0179255
0.1547 -0.000972415 -0.0171326
0.1548 -0.000974089 -0.0163387
0.1549 -0.000975683 -0.0155439
0.155 -0.000977197 -0.0147483
0.1551 -0.000978632 -0.0139519
0.1552 -0.000979988 -0.0131549
0.1553 -0.000981263 -0.0123571
0.1554 -0.000982459 -0.0115587
0.1555 -0.000983575 -0.0107598
0.1556 -0.000984611 -0.00996033
0.1557 -0.000985567 -0.00916041
0.1558 -0.000986443 -0.00836007
0.1559 -0.000987239 -0.00755936
0.156 -0.000987955 -0.00675834
0.1561 -0.000988591 -0.00595706
0.1562 -0.000989147 -0.00515557
0.1563 -0.000989622 -0.00435392
0.1564 -0.000990017 -0.00355217
0.1565 -0.000990332 -0.00275035
0.1566 -0.000990567 -0.00194853
0.1567 -0.000990722 -0.00114675
0.1568 -0.000990797 -0.00034507
0.1569 -0.000990791 0.000456464
0.157 -0.000990705 0.0012578
0.1571 -0.00099054 0.00205889
0.1572 -0.000990294 0.00285967
0.1573 -0.000989968 0.00366011
0.1574 -0.000989562 0.00446014
0.1575 -0.000989076 0.00525972
0.1576 -0.00098851 0.00605879
0.1577 -0.000987864 0.00685731
0.1578 -0.000987138 0.00765522
0.1579 -0.000986333 0.00845247
0.158 -0.000985448 0.00924902
0.1581 -0.000984483 0.0100448
0.1582 -0.000983439 0.0108398
0.1583 -0.000982315 0.0116339
0.1584 -0.000981112 0.0124271
0.1585 -0.00097983 0.0132193
0.1586 -0.000978468 0.0140106
0.1587 -0.000977028 0.0148007
0.1588 -0.000975508 0.0155898
0.1589 -0.00097391 0.0163777
0.159 -0.000972233 0.0171644
0.1591 -0.000970477 0.0179498
0.1592 -0.000968643 0.0187339
0.1593 -0.00096673 0.0195166
0.1594 -0.000964739 0.0202979
0.1595 -0.000962671 0.0210778
0.1596 -0.000960524 0.0218561
0.1597 -0.0009583 0.0226329
0.1598 -0.000955997 0.0234081
0.1599 -0.000953618 0.0241816
0.16 -0.000951161 0.0249534
0.1601 -0.000948627 0.0257234
0.1602 -0.000946017 0.0264916
0.1603 -0.000943329 0.027258
0.1604 -0.000940565 0.0280225
0.1605 -0.000937725 0.028785
0.1606 -0.000934808 0.0295455
0.1607 -0.000931816 0.0303039
0.1608 -0.000928747 0.0310602
0.1609 -0.000925604 0.0318144
0.161 -0.000922385 0.0325664
0.1611 -0.00091909 0.0333161
0.1612 -0.000915721 0.0340636
0.1613 -0.000912278 0.0348087
0.1614 -0.00090876 0.0355514
0.1615 -0.000905168 0.0362917
0.1616 -0.000901502 0.0370295
0.1617 -0.000897762 0.0377648
0.1618 -0.000893949 0.0384975
0.1619 -0.000890062 0.0392275
0.162 -0.000886103 0.0399549
0.1621 -0.000882071 0.0406796
0.1622 -0.000877967 0.0414015
0.1623 -0.000873791 0.0421206
0.1624 -0.000869543 0.0428368
0.1625 -0.000865224 0.0435502
0.1626 -0.000860833 0.0442606
0.1627 -0.000856372 0.044968
0.1628 -0.00085184 0.0456723
0.1629 -0.000847238 0.0463736
0.163 -0.000842565 0.0470718
0.1631 -0.000837823 0.0477668
0.1632 -0.000833012 0.0484585
0.1633 -0.000828132 0.049147
0.1634 -0.000823183 0.0498323
0.1635 -0.000818165 0.0505141
0.1636 -0.00081308 0.0511926
0.1637 -0.000807927 0.0518676
0.1638 -0.000802707 0.0525392
0.1639 -0.000797419 0.0532072
0.164 -0.000792065 0.0538717
0.1641 -0.000786645 0.0545325
0.1642 -0.000781159 0.0551898
0.1643 -0.000775607 0.0558433
0.1644 -0.00076999 0.0564931
0.1645 -0.000764309 0.0571391
0.1646 -0.000758563 0.0577813
0.1647 -0.000752753 0.0584197
0.1648 -0.000746879 0.0590542
0.1649 -0.000740942 0.0596847
0.165 -0.000734942 0.0603112
0.1651 -0.00072888 0.0609338
0.1652 -0.000722756 0.0615523
0.1653 -0.00071657 0.0621667
0.1654 -0.000710322 0.0627769
0.1655 -0.000704014 0.063383
0.1656 -0.000697646 0.0639849
0.1657 -0.000691217 0.0645825
0.1658 -0.00068473 0.0651758
0.1659 -0.000678182 0.0657648
0.166 -0.000671577 0.0663495
0.1661 -0.000664913 0.0669297
0.1662 -0.000658191 0.0675055
0.1663 -0.000651412 0.0680768
0.1664 -0.000644576 0.0686437
0.1665 -0.000637683 0.0692059
0.1666 -0.000630735 0.0697636
0.1667 -0.000623731 0.0703167
0.1668 -0.000616671 0.0708651
0.1669 -0.000609558 0.0714088
0.167 -0.00060239 0.0719479
0.1671 -0.000595168 0.0724821
0.1672 -0.000587894 0.0730116
0.1673 -0.000580566 0.0735362
0.1674 -0.000573187 0.074056
0.1675 -0.000565755 0.0745709
0.1676 -0.000558272 0.0750808
0.1677 -0.000550739 0.0755858
0.1678 -0.000543155 0.0760858
0.1679 -0.000535522 0.0765808
0.168 -0.000527839 0.0770708
0.1681 -0.000520108 0.0775556
0.1682 -0.000512329 0.0780354
0.1683 -0.000504501 0.07851
0.1684 -0.000496627 0.0789794
0.1685 -0.000488706 0.0794436
0.1686 -0.000480738 0.0799026
0.1687 -0.000472725 0.0803563
0.1688 -0.000464667 0.0808047
0.1689 -0.000456564 0.0812478
0.169 -0.000448418 0.0816856
0.1691 -0.000440227 0.082118
0.1692 -0.000431994 0.0825449
0.1693 -0.000423719 0.0829665
0.1694 -0.000415401 0.0833826
0.1695 -0.000407042 0.0837932
0.1696 -0.000398643 0.0841983
0.1697 -0.000390203 0.0845978
0.1698 -0.000381723 0.0849918
0.1699 -0.000373205 0.0853802
0.17 -0.000364647 0.085763
0.1701 -0.000356052 0.0861401
0.1702 -0.00034742 0.0865116
0.1703 -0.00033875 0.0868774
0.1704 -0.000330044 0.0872375
0.1705 -0.000321303 0.0875919
0.1706 -0.000312526 0.0879405
0.1707 -0.000303715 0.0882833
0.1708 -0.00029487 0.0886203
0.1709 -0.000285991 0.0889516
0.171 -0.00027708 0.0892769
0.1711 -0.000268136 0.0895965
0.1712 -0.000259161 0.0899101
0.1713 -0.000250154 0.0902178
0.1714 -0.000241117 0.0905196
0.1715 -0.00023205 0.0908155
0.1716 -0.000222954 0.0911054
0.1717 -0.000213829 0.0913894
0.1718 -0.000204677 0.0916673
0.1719 -0.000195496 0.0919393
0.172 -0.000186289 0.0922052
0.1721 -0.000177055 0.092465
0.1722 -0.000167796 0.0927188
0.1723 -0.000158512 0.0929666
0.1724 -0.000149203 0.0932082
0.1725 -0.00013987 0.0934437
0.1726 -0.000130514 0.0936731
0.1727 -0.000121136 0.0938964
0.1728 -0.000111735 0.0941135
0.1729 -0.000102313 0.0943244
0.173 -9.28707e-05 0.0945291
0.1731 -8.34078e-05 0.0947277
0.1732 -7.39254e-05 0.09492
0.1733 -6.4424e-05 0.0951062
0.1734 -5.49044e-05 0.0952861
0.1735 -4.5367e-05 0.0954597
0.1736 -3.58126e-05 0.0956271
0.1737 -2.62418e-05 0.0957883
0.1738 -1.66552e-05 0.0959432
0.1739 -7.05337e-06 0.0960918
0.174 2.56298e-06 0.0962341
0.1741 1.21932e-05 0.0963701
0.1742 2.18368e-05 0.0964997
0.1743 3.1493e-05 0.0966231
0.1744 4.11612e-05 0.0967402
0.1745 5.08408e-05 0.0968509
0.1746 6.05311e-05 0.0969552
0.1747 7.02316e-05 0.0970533
0.1748 7.99416e-05 0.0971449
0.1749 8.96604e-05 0.0972302
0.175 9.93874e-05 0.0973092
0.1751 0.000109122 0.0973818
0.1752 0.000118864 0.097448
0.1753 0.000128611 0.0975078
0.1754 0.000138365 0.0975613
0.1755 0.000148123 0.0976083
0.1756 0.000157886 0.097649
0.1757 0.000167653 0.0976833
0.1758 0.000177423 0.0977112
0.1759 0.000187195 0.0977327
0.176 0.000196969 0.0977478
0.1761 0.000206744 0.0977565
0.1762 0.00021652 0.0977589
0.1763 0.000226296 0.0977548
0.1764 0.000236071 0.0977443
0.1765 0.000245845 0.0977274
0.1766 0.000255616 0.0977042
0.1767 0.000265385 0.0976745
0.1768 0.000275151 0.0976385
0.1769 0.000284913 0.0975961
0.177 0.00029467 0.0975473
0.1771 0.000304422 0.0974921
0.1772 0.000314168 0.0974305
0.1773 0.000323908 0.0973626
0.1774 0.00033364 0.0972882
0.1775 0.000343365 0.0972076
0.1776 0.000353082 0.0971205
0.1777 0.000362789 0.0970271
0.1778 0.000372487 0.0969274
0.1779 0.000382174 0.0968213
0.178 0.000391851 0.0967089
0.1781 0.000401516 0.0965902
0.1782 0.000411169 0.0964651
0.1783 0.000420809 0.0963338
0.1784 0.000430435 0.0961961
0.1785 0.000440048 0.0960522
0.1786 0.000449646 0.0959019
0.1787 0.000459228 0.0957454
0.1788 0.000468795 0.0955826
0.1789 0.000478344 0.0954136
0.179 0.000487877 0.0952383
0.1791 0.000497392 0.0950568
0.1792 0.000506888 0.0948691
0.1793 0.000516365 0.0946752
0.1794 0.000525823 0.0944751
0.1795 0.00053526 0.0942688
0.1796 0.000544677 0.0940563
0.1797 0.000554071 0.0938377
0.1798 0.000563444 0.0936129
0.1799 0.000572794 0.093382
0.18 0.00058212 0.0931451
0.1801 0.000591423 0.092902
0.1802 0.0006007 0.0926528
0.1803 0.000609953 0.0923976
0.1804 0.00061918 0.0921363
0.1805 0.00062838 0.091869
0.1806 0.000637553 0.0915956
0.1807 0.000646699 0.0913163
0.1808 0.000655816 0.091031
0.1809 0.000664905 0.0907398
0.181 0.000673964 0.0904426
0.1811 0.000682993 0.0901394
0.1812 0.000691992 0.0898304
0.1813 0.000700959 0.0895155
0.1814 0.000709895 0.0891948
0.1815 0.000718798 0.0888682
0.1816 0.000727668 0.0885357
0.1817 0.000736505 0.0881975
0.1818 0.000745307 0.0878535
0.1819 0.000754075 0.0875038
0.182 0.000762808 0.0871483
0.1821 0.000771505 0.0867871
0.1822 0.000780165 0.0864202
0.1823 0.000788789 0.0860477
0.1824 0.000797375 0.0856695
0.1825 0.000805922 0.0852857
0.1826 0.000814431 0.0848964
0.1827 0.000822901 0.0845014
0.1828 0.000831332 0.084101
0.1829 0.000839721 0.083695
0.183 0.00084807 0.0832835
0.1831 0.000856378 0.0828666
0.1832 0.000864644 0.0824442
0.1833 0.000872867 0.0820164
0.1834 0.000881047 0.0815833
0.1835 0.000889183 0.0811447
0.1836 0.000897275 0.0807009
0.1837 0.000905323 0.0802518
0.1838 0.000913326 0.0797974
0.1839 0.000921282 0.0793378
0.184 0.000929193 0.078873
0.1841 0.000937057 0.078403
0.1842 0.000944873 0.0779278
0.1843 0.000952642 0.0774475
0.1844 0.000960363 0.0769622
0.1845 0.000968034 0.0764718
0.1846 0.000975657 0.0759764
0.1847 0.00098323 0.0754759
0.1848 0.000990752 0.0749706
0.1849 0.000998224 0.0744603
0.185 0.00100564 0.0739451
0.1851 0.00101301 0.073425
0.1852 0.00102033 0.0729001
0.1853 0.00102759 0.0723705
0.1854 0.0010348 0.071836
0.1855 0.00104196 0.0712969
0.1856 0.00104906 0.070753
0.1857 0.00105611 0.0702045
0.1858 0.0010631 0.0696514
0.1859 0.00107004 0.0690937
0.186 0.00107692 0.0685315
0.1861 0.00108375 0.0679647
0.1862 0.00109051 0.0673934
0.1863 0.00109722 0.0668178
0.1864 0.00110388 0.0662377
0.1865 0.00111047 0.0656532
0.1866 0.00111701 0.0650645
0.1867 0.00112348 0.0644714
0.1868 0.0011299 0.0638741
0.1869 0.00113626 0.0632726
0.187 0.00114256 0.0626669
0.1871 0.00114879 0.062057
0.1872 0.00115497 0.0614431
0.1873 0.00116108 0.0608251
0.1874 0.00116713 0.0602031
0.1875 0.00117312 0.0595771
0.1876 0.00117905 0.0589472
0.1877 0.00118491 0.0583134
0.1878 0.00119071 0.0576757
0.1879 0.00119645 0.0570342
0.188 0.00120212 0.056389
0.1881 0.00120772 0.05574
0.1882 0.00121326 0.0550873
0.1883 0.00121874 0.054431
0.1884 0.00122415 0.053771
0.1885 0.0012295 0.0531075
0.1886 0.00123477 0.0524405
0.1887 0.00123998 0.05177
0.1888 0.00124513 0.0510961
0.1889 0.0012502 0.0504187
0.189 0.00125521 0.0497381
0.1891 0.00126015 0.0490541
0.1892 0.00126502 0.0483668
0.1893 0.00126982 0.0476764
0.1894 0.00127456 0.0469827
0.1895 0.00127922 0.046286
0.1896 0.00128381 0.0455861
0.1897 0.00128834 0.0448832
0.1898 0.00129279 0.0441773
0.1899 0.00129717 0.0434685
0.19 0.00130148 0.0427568
0.1901 0.00130572 0.0420422
0.1902 0.00130989 0.0413248
0.1903 0.00131399 0.0406046
0.1904 0.00131801 0.0398817
0.1905 0.00132196 0.0391561
0.1906 0.00132584 0.0384279
0.1907 0.00132965 0.0376972
0.1908 0.00133338 0.0369639
0.1909 0.00133704 0.0362281
0.191 0.00134063 0.0354899
0.1911 0.00134414 0.0347493
0.1912 0.00134758 0.0340063
0.1913 0.00135094 0.033261
0.1914 0.00135423 0.0325135
0.1915 0.00135744 0.0317638
0.1916 0.00136058 0.031012
0.1917 0.00136365 0.030258
0.1918 0.00136663 0.029502
0.1919 0.00136955 0.028744
0.192 0.00137238 0.027984
0.1921 0.00137514 0.0272221
0.1922 0.00137783 0.0264583
0.1923 0.00138044 0.0256928
0.1924 0.00138297 0.0249255
0.1925 0.00138542 0.0241564
0.1926 0.0013878 0.0233857
0.1927 0.0013901 0.0226134
0.1928 0.00139232 0.0218395
0.1929 0.00139447 0.0210641
0.193 0.00139653 0.0202873
0.1931 0.00139852 0.019509
0.1932 0.00140043 0.0187293
0.1933 0.00140227 0.0179484
0.1934 0.00140402 0.0171662
0.1935 0.0014057 0.0163827
0.1936 0.0014073 0.0155981
0.1937 0.00140882 0.0148124
0.1938 0.00141026 0.0140256
0.1939 0.00141163 0.0132378
0.194 0.00141291 0.012449
0.1941 0.00141412 0.0116594
0.1942 0.00141524 0.0108688
0.1943 0.00141629 0.0100775
0.1944 0.00141726 0.00928535
0.1945 0.00141815 0.00849253
0.1946 0.00141896 0.00769905
0.1947 0.00141969 0.00690496
0.1948 0.00142034 0.00611031
0.1949 0.00142091 0.00531516
0.195 0.0014214 0.00451955
0.1951 0.00142181 0.00372354
0.1952 0.00142214 0.00292717
0.1953 0.0014224 0.0021305
0.1954 0.00142257 0.00133359
0.1955 0.00142266 0.000536467
0.1956 0.00142268 -0.000260801
0.1957 0.00142261 -0.00105817
0.1958 0.00142247 -0.00185558
0.1959 0.00142224 -0.00265298
0.196 0.00142194 -0.00345034
0.1961 0.00142155 -0.00424758
0.1962 0.00142109 -0.00504467
0.1963 0.00142054 -0.00584154
0.1964 0.00141992 -0.00663816
0.1965 0.00141921 -0.00743447
0.1966 0.00141843 -0.00823041
0.1967 0.00141757 -0.00902594
0.1968 0.00141663 -0.009821
0.1969 0.0014156 -0.0106156
0.197 0.0014145 -0.0114095
0.1971 0.00141332 -0.0122029
0.1972 0.00141206 -0.0129956
0.1973 0.00141072 -0.0137876
0.1974 0.00140931 -0.0145788
0.1975 0.00140781 -0.0153692
0.1976 0.00140623 -0.0161587
0.1977 0.00140458 -0.0169473
0.1978 0.00140284 -0.0177349
0.1979 0.00140103 -0.0185215
0.198 0.00139914 -0.019307
0.1981 0.00139717 -0.0200914
0.1982 0.00139512 -0.0208746
0.1983 0.00139299 -0.0216566
0.1984 0.00139079 -0.0224374
0.1985 0.00138851 -0.0232168
0.1986 0.00138614 -0.0239948
0.1987 0.00138371 -0.0247714
0.1988 0.00138119 -0.0255465
0.1989 0.0013786 -0.0263201
0.199 0.00137593 -0.0270922
0.1991 0.00137318 -0.0278626
0.1992 0.00137035 -0.0286313
0.1993 0.00136745 -0.0293983
0.1994 0.00136447 -0.0301635
0.1995 0.00136142 -0.030927
0.1996 0.00135829 -0.0316885
0.1997 0.00135508 -0.0324481
0.1998 0.0013518 -0.0332058
0.1999 0.00134844 -0.0339615
0.2 0.00134501 -0.034715
0.2001 0.0013415 -0.0354665
0.2002 0.00133791 -0.0362158
0.2003 0.00133426 -0.0369629
0.2004 0.00133052 -0.0377078
0.2005 0.00132671 -0.0384503
0.2006 0.00132283 -0.0391905
0.2007 0.00131888 -0.0399283
0.2008 0.00131485 -0.0406636
0.2009 0.00131074 -0.0413965
0.201 0.00130657 -0.0421268
0.2011 0.00130232 -0.0428545
0.2012 0.001298 -0.0435796
0.2013 0.0012936 -0.044302
0.2014 0.00128914 -0.0450217
0.2015 0.0012846 -0.0457386
0.2016 0.00127999 -0.0464527
0.2017 0.00127531 -0.0471639
0.2018 0.00127056 -0.0478722
0.2019 0.00126573 -0.0485776
0.202 0.00126084 -0.0492799
0.2021 0.00125588 -0.0499792
0.2022 0.00125084 -0.0506754
0.2023 0.00124574 -0.0513685
0.2024 0.00124057 -0.0520584
0.2025 0.00123533 -0.0527451
0.2026 0.00123002 -0.0534285
0.2027 0.00122464 -0.0541086
0.2028 0.0012192 -0.0547853
0.2029 0.00121369 -0.0554586
0.203 0.00120811 -0.0561285
0.2031 0.00120246 -0.0567949
0.2032 0.00119675 -0.0574578
0.2033 0.00119097 -0.0581171
0.2034 0.00118513 -0.0587728
0.2035 0.00117922 -0.0594248
0.2036 0.00117324 -0.0600732
0.2037 0.0011672 -0.0607177
0.2038 0.0011611 -0.0613586
0.2039 0.00115493 -0.0619956
0.204 0.0011487 -0.0626287
0.2041 0.0011424 -0.0632579
0.2042 0.00113605 -0.0638832
0.2043 0.00112963 -0.0645045
0.2044 0.00112315 -0.0651218
0.2045 0.0011166 -0.065735
0.2046 0.00111 -0.0663441
0.2047 0.00110334 -0.0669491
0.2048 0.00109661 -0.0675499
0.2049 0.00108983 -0.0681464
0.205 0.00108298 -0.0687388
0.2051 0.00107608 -0.0693268
0.2052 0.00106912 -0.0699105
0.2053 0.0010621 -0.0704898
0.2054 0.00105502 -0.0710647
0.2055 0.00104788 -0.0716351
0.2056 0.00104069 -0.0722011
0.2057 0.00103344 -0.0727626
0.2058 0.00102614 -0.0733195
0.2059 0.00101878 -0.0738718
0.206 0.00101136 -0.0744195
0.2061 0.0010039 -0.0749626
0.2062 0.000996372 -0.0755009
0.2063 0.000988796 -0.0760345
0.2064 0.000981166 -0.0765634
0.2065 0.000973483 -0.0770874
0.2066 0.000965748 -0.0776066
0.2067 0.000957962 -0.078121
0.2068 0.000950124 -0.0786304
0.2069 0.000942236 -0.079135
0.207 0.000934298 -0.0796345
0.2071 0.000926309 -0.0801291
0.2072 0.000918272 -0.0806187
0.2073 0.000910186 -0.0811031
0.2074 0.000902051 -0.0815825
0.2075 0.000893869 -0.0820568
0.2076 0.00088564 -0.0825259
0.2077 0.000877364 -0.0829899
0.2078 0.000869042 -0.0834486
0.2079 0.000860675 -0.0839021
0.208 0.000852262 -0.0843504
0.2081 0.000843805 -0.0847933
0.2082 0.000835304 -0.0852309
0.2083 0.000826759 -0.0856631
0.2084 0.000818171 -0.08609
0.2085 0.000809541 -0.0865115
0.2086 0.000800869 -0.0869275
0.2087 0.000792156 -0.0873381
0.2088 0.000783402 -0.0877431
0.2089 0.000774607 -0.0881427
0.209 0.000765773 -0.0885367
0.2091 0.0007569 -0.0889252
0.2092 0.000747988 -0.089308
0.2093 0.000739039 -0.0896853
0.2094 0.000730052 -0.0900569
0.2095 0.000721028 -0.0904228
0.2096 0.000711967 -0.090783
0.2097 0.000702871 -0.0911376
0.2098 0.00069374 -0.0914864
0.2099 0.000684574 -0.0918294
0.21 0.000675374 -0.0921667
0.2101 0.000666141 -0.0924982
0.2102 0.000656875 -0.0928238
0.2103 0.000647576 -0.0931436
0.2104 0.000638246 -0.0934576
0.2105 0.000628885 -0.0937656
0.2106 0.000619493 -0.0940678
0.2107 0.000610072 -0.094364
0.2108 0.000600621 -0.0946543
0.2109 0.000591141 -0.0949387
0.211 0.000581633 -0.095217
0.2111 0.000572098 -0.0954894
0.2112 0.000562536 -0.0957557
0.2113 0.000552947 -0.0960161
0.2114 0.000543332 -0.0962703
0.2115 0.000533693 -0.0965185
0.2116 0.000524029 -0.0967607
0.2117 0.000514341 -0.0969967
0.2118 0.00050463 -0.0972266
0.2119 0.000494896 -0.0974504
0.212 0.00048514 -0.0976681
0.2121 0.000475363 -0.0978796
0.2122 0.000465564 -0.0980849
0.2123 0.000455746 -0.0982841
0.2124 0.000445908 -0.098477
0.2125 0.000436051 -0.0986638
0.2126 0.000426175 -0.0988443
0.2127 0.000416282 -0.0990186
0.2128 0.000406372 -0.0991867
0.2129 0.000396445 -0.0993485
0.213 0.000386502 -0.0995041
0.2131 0.000376544 -0.0996533
0.2132 0.000366572 -0.0997963
0.2133 0.000356585 -0.099933
0.2134 0.000346585 -0.100063
0.2135 0.000336573 -0.100188
0.2136 0.000326548 -0.100305
0.2137 0.000316512 -0.100417
0.2138 0.000306465 -0.100522
0.2139 0.000296408 -0.100621
0.214 0.000286341 -0.100713
0.2141 0.000276265 -0.100799
0.2142 0.000266181 -0.100879
0.2143 0.00025609 -0.100952
0.2144 0.000245991 -0.101019
0.2145 0.000235886 -0.10108
0.2146 0.000225775 -0.101134
0.2147 0.000215659 -0.101182
0.2148 0.000205539 -0.101224
0.2149 0.000195415 -0.101259
0.215 0.000185287 -0.101287
0.2151 0.000175158 -0.10131
0.2152 0.000165026 -0.101326
0.2153 0.000154893 -0.101335
0.2154 0.000144759 -0.101339
0.2155 0.000134625 -0.101335
0.2156 0.000124492 -0.101326
0.2157 0.00011436 -0.10131
0.2158 0.00010423 -0.101287
0.2159 9.41029e-05 -0.101259
0.216 8.39788e-05 -0.101223
0.2161 7.38585e-05 -0.101182
0.2162 6.37426e-05 -0.101134
0.2163 5.36319e-05 -0.10108
0.2164 4.35269e-05 -0.101019
0.2165 3.34284e-05 -0.100952
0.2166 2.33368e-05 -0.100878
0.2167 1.32529e-05 -0.100799
0.2168 3.1773e-06 -0.100712
0.2169 -6.88937e-06 -0.10062
0.217 -1.69465e-05 -0.100521
0.2171 -2.69934e-05 -0.100416
0.2172 -3.70294e-05 -0.100304
0.2173 -4.7054e-05 -0.100186
0.2174 -5.70665e-05 -0.100062
0.2175 -6.70662e-05 -0.0999317
0.2176 -7.70526e-05 -0.0997949
0.2177 -8.7025e-05 -0.0996519
0.2178 -9.69828e-05 -0.0995025
0.2179 -0.000106925 -0.0993468
0.218 -0.000116852 -0.0991849
0.2181 -0.000126762 -0.0990167
0.2182 -0.000136655 -0.0988423
0.2183 -0.00014653 -0.0986616
0.2184 -0.000156387 -0.0984747
0.2185 -0.000166225 -0.0982817
0.2186 -0.000176043 -0.0980824
0.2187 -0.000185841 -0.0978769
0.2188 -0.000195618 -0.0976652
0.2189 -0.000205374 -0.0974474
0.219 -0.000215108 -0.0972234
0.2191 -0.000224819 -0.0969934
0.2192 -0.000234506 -0.0967571
0.2193 -0.00024417 -0.0965148
0.2194 -0.000253809 -0.0962664
0.2195 -0.000263423 -0.096012
0.2196 -0.000273011 -0.0957514
0.2197 -0.000282573 -0.0954849
0.2198 -0.000292108 -0.0952123
0.2199 -0.000301615 -0.0949337
0.22 -0.000311095 -0.0946491
0.2201 -0.000320545 -0.0943586
0.2202 -0.000329966 -0.0940621
0.2203 -0.000339357 -0.0937597
0.2204 -0.000348718 -0.0934513
0.2205 -0.000358047 -0.0931371
0.2206 -0.000367345 -0.092817
0.2207 -0.00037661 -0.0924911
0.2208 -0.000385843 -0.0921593
0.2209 -0.000395042 -0.0918217
0.221 -0.000404207 -0.0914783
0.2211 -0.000413338 -0.0911292
0.2212 -0.000422433 -0.0907743
0.2213 -0.000431492 -0.0904137
0.2214 -0.000440515 -0.0900474
0.2215 -0.000449502 -0.0896754
0.2216 -0.00045845 -0.0892977
0.2217 -0.000467361 -0.0889145
0.2218 -0.000476233 -0.0885256
0.2219 -0.000485066 -0.0881312
0.222 -0.000493859 -0.0877312
0.2221 -0.000502612 -0.0873257
0.2222 -0.000511324 -0.0869146
0.2223 -0.000519995 -0.0864981
0.2224 -0.000528623 -0.0860762
0.2225 -0.00053721 -0.0856488
0.2226 -0.000545753 -0.0852161
0.2227 -0.000554253 -0.0847779
0.2228 -0.000562708 -0.0843345
0.2229 -0.000571119 -0.0838857
0.223 -0.000579485 -0.0834316
0.2231 -0.000587806 -0.0829723
0.2232 -0.00059608 -0.0825078
0.2233 -0.000604307 -0.082038
0.2234 -0.000612487 -0.0815631
0.2235 -0.000620619 -0.0810831
0.2236 -0.000628703 -0.080598
0.2237 -0.000636739 -0.0801078
0.2238 -0.000644725 -0.0796125
0.2239 -0.000652661 -0.0791123
0.224 -0.000660547 -0.0786071
0.2241 -0.000668382 -0.0780969
0.2242 -0.000676166 -0.0775818
0.2243 -0.000683899 -0.0770618
0.2244 -0.000691579 -0.076537
0.2245 -0.000699206 -0.0760074
0.2246 -0.00070678 -0.075473
0.2247 -0.0007143 -0.0749338
0.2248 -0.000721767 -0.07439
0.2249 -0.000729178 -0.0738414
0.225 -0.000736535 -0.0732882
0.2251 -0.000743836 -0.0727305
0.2252 -0.000751081 -0.0721681
0.2253 -0.000758269 -0.0716012
0.2254 -0.000765401 -0.0710298
0.2255 -0.000772475 -0.070454
0.2256 -0.000779491 -0.0698737
0.2257 -0.00078645 -0.0692891
0.2258 -0.000793349 -0.0687001
0.2259 -0.000800189 -0.0681067
0.226 -0.00080697 -0.0675091
0.2261 -0.000813691 -0.0669073
0.2262 -0.000820352 -0.0663013
0.2263 -0.000826951 -0.0656911
0.2264 -0.00083349 -0.0650768
0.2265 -0.000839966 -0.0644584
0.2266 -0.000846381 -0.063836
0.2267 -0.000852733 -0.0632095
0.2268 -0.000859023 -0.0625791
0.2269 -0.000865249 -0.0619448
0.227 -0.000871412 -0.0613066
0.2271 -0.00087751 -0.0606646
0.2272 -0.000883545 -0.0600187
0.2273 -0.000889514 -0.0593691
0.2274 -0.000895418 -0.0587158
0.2275 -0.000901257 -0.0580588
0.2276 -0.00090703 -0.0573982
0.2277 -0.000912737 -0.056734
0.2278 -0.000918377 -0.0560662
0.2279 -0.00092395 -0.055395
0.228 -0.000929455 -0.0547202
0.2281 -0.000934894 -0.0540421
0.2282 -0.000940264 -0.0533606
0.2283 -0.000945566 -0.0526757
0.2284 -0.000950799 -0.0519876
0.2285 -0.000955963 -0.0512962
0.2286 -0.000961058 -0.0506016
0.2287 -0.000966083 -0.0499038
0.2288 -0.000971039 -0.049203
0.2289 -0.000975924 -0.048499
0.229 -0.000980738 -0.0477921
0.2291 -0.000985482 -0.0470822
0.2292 -0.000990155 -0.0463693
0.2293 -0.000994756 -0.0456536
0.2294 -0.000999285 -0.044935
0.2295 -0.00100374 -0.0442136
0.2296 -0.00100813 -0.0434895
0.2297 -0.00101244 -0.0427626
0.2298 -0.00101668 -0.0420331
0.2299 -0.00102085 -0.0413011
0.23 -0.00102494 -0.0405664
0.2301 -0.00102896 -0.0398292
0.2302 -0.00103291 -0.0390896
0.2303 -0.00103678 -0.0383475
0.2304 -0.00104058 -0.0376031
0.2305 -0.0010443 -0.0368563
0.2306 -0.00104795 -0.0361073
0.2307 -0.00105152 -0.035356
0.2308 -0.00105502 -0.0346025
0.2309 -0.00105844 -0.033847
0.231 -0.00106179 -0.0330893
0.2311 -0.00106506 -0.0323296
0.2312 -0.00106825 -0.0315679
0.2313 -0.00107137 -0.0308042
0.2314 -0.00107441 -0.0300387
0.2315 -0.00107738 -0.0292713
0.2316 -0.00108027 -0.0285021
0.2317 -0.00108308 -0.0277312
0.2318 -0.00108581 -0.0269586
0.2319 -0.00108847 -0.0261844
0.232 -0.00109105 -0.0254085
0.2321 -0.00109355 -0.0246311
0.2322 -0.00109598 -0.0238522
0.2323 -0.00109832 -0.0230719
0.2324 -0.00110059 -0.0222901
0.2325 -0.00110278 -0.021507
0.2326 -0.00110489 -0.0207226
0.2327 -0.00110693 -0.019937
0.2328 -0.00110888 -0.0191502
0.2329 -0.00111076 -0.0183622
0.233 -0.00111255 -0.0175731
0.2331 -0.00111427 -0.016783
0.2332 -0.00111591 -0.0159919
0.2333 -0.00111747 -0.0151998
0.2334 -0.00111895 -0.0144068
0.2335 -0.00112035 -0.013613
0.2336 -0.00112167 -0.0128184
0.2337 -0.00112291 -0.0120231
0.2338 -0.00112408 -0.0112271
0.2339 -0.00112516 -0.0104304
0.234 -0.00112616 -0.00963315
0.2341 -0.00112709 -0.00883535
0.2342 -0.00112793 -0.00803706
0.2343 -0.00112869 -0.00723833
0.2344 -0.00112938 -0.00643922
0.2345 -0.00112998 -0.00563978
0.2346 -0.00113051 -0.00484005
0.2347 -0.00113095 -0.00404009
0.2348 -0.00113131 -0.00323994
0.2349 -0.0011316 -0.00243967
0.235 -0.0011318 -0.00163931
0.2351 -0.00113192 -0.000838932
0.2352 -0.00113197 -3.85737e-05
0.2353 -0.00113193 0.000761711
0.2354 -0.00113182 0.00156187
0.2355 -0.00113162 0.00236185
0.2356 -0.00113134 0.00316161
0.2357 -0.00113099 0.00396108
0.2358 -0.00113055 0.00476023
0.2359 -0.00113004 0.005559
0.236 -0.00112944 0.00635733
0.2361 -0.00112876 0.00715518
0.2362 -0.00112801 0.0079525
0.2363 -0.00112717 0.00874923
0.2364 -0.00112626 0.00954533
0.2365 -0.00112526 0.0103407
0.2366 -0.00112419 0.0111354
0.2367 -0.00112304 0.0119293
0.2368 -0.00112181 0.0127223
0.2369 -0.00112049 0.0135145
0.237 -0.0011191 0.0143057
0.2371 -0.00111763 0.0150959
0.2372 -0.00111608 0.0158851
0.2373 -0.00111446 0.0166732
0.2374 -0.00111275 0.0174602
0.2375 -0.00111096 0.0182459
0.2376 -0.0011091 0.0190304
0.2377 -0.00110716 0.0198137
0.2378 -0.00110514 0.0205955
0.2379 -0.00110304 0.021376
0.238 -0.00110086 0.0221551
0.2381 -0.00109861 0.0229326
0.2382 -0.00109628 0.0237086
0.2383 -0.00109387 0.024483
0.2384 -0.00109138 0.0252558
0.2385 -0.00108881 0.0260269
0.2386 -0.00108617 0.0267962
0.2387 -0.00108346 0.0275638
0.2388 -0.00108066 0.0283295
0.2389 -0.00107779 0.0290933
0.239 -0.00107484 0.0298552
0.2391 -0.00107182 0.0306152
0.2392 -0.00106872 0.031373
0.2393 -0.00106554 0.0321288
0.2394 -0.00106229 0.0328825
0.2395 -0.00105897 0.033634
0.2396 -0.00105557 0.0343833
0.2397 -0.00105209 0.0351302
0.2398 -0.00104854 0.0358749
0.2399 -0.00104492 0.0366172
0.24 -0.00104122 0.0373571
0.2401 -0.00103744 0.0380945
0.2402 -0.0010336 0.0388294
0.2403 -0.00102968 0.0395618
0.2404 -0.00102569 0.0402915
0.2405 -0.00102162 0.0410186
0.2406 -0.00101748 0.041743
0.2407 -0.00101327 0.0424646
0.2408 -0.00100899 0.0431835
0.2409 -0.00100464 0.0438995
0.241 -0.00100021 0.0446127
0.2411 -0.000995713 0.0453229
0.2412 -0.000991146 0.0460301
0.2413 -0.000986507 0.0467344
0.2414 -0.000981799 0.0474355
0.2415 -0.00097702 0.0481336
0.2416 -0.000972172 0.0488285
0.2417 -0.000967255 0.0495202
0.2418 -0.000962268 0.0502086
0.2419 -0.000957213 0.0508938
0.242 -0.00095209 0.0515757
0.2421 -0.000946898 0.0522541
0.2422 -0.000941639 0.0529292
0.2423 -0.000936312 0.0536008
0.2424 -0.000930919 0.0542689
0.2425 -0.000925459 0.0549335
0.2426 -0.000919932 0.0555944
0.2427 -0.00091434 0.0562518
0.2428 -0.000908682 0.0569054
0.2429 -0.000902959 0.0575554
0.243 -0.000897171 0.0582016
0.2431 -0.000891319 0.058844
0.2432 -0.000885402 0.0594826
0.2433 -0.000879422 0.0601173
0.2434 -0.000873379 0.060748
0.2435 -0.000867273 0.0613749
0.2436 -0.000861104 0.0619977
0.2437 -0.000854873 0.0626165
0.2438 -0.000848581 0.0632312
0.2439 -0.000842227 0.0638417
0.244 -0.000835813 0.0644482
0.2441 -0.000829338 0.0650504
0.2442 -0.000822803 0.0656484
0.2443 -0.000816208 0.0662421
0.2444 -0.000809555 0.0668315
0.2445 -0.000802842 0.0674166
0.2446 -0.000796071 0.0679973
0.2447 -0.000789243 0.0685736
0.2448 -0.000782357 0.0691454
0.2449 -0.000775414 0.0697127
0.245 -0.000768415 0.0702755
0.2451 -0.000761359 0.0708337
0.2452 -0.000754248 0.0713873
0.2453 -0.000747082 0.0719363
0.2454 -0.000739861 0.0724806
0.2455 -0.000732586 0.0730202
0.2456 -0.000725257 0.073555
0.2457 -0.000717875 0.0740851
0.2458 -0.00071044 0.0746103
0.2459 -0.000702953 0.0751308
0.246 -0.000695414 0.0756463
0.2461 -0.000687824 0.0761569
0.2462 -0.000680183 0.0766626
0.2463 -0.000672492 0.0771633
0.2464 -0.00066475 0.0776591
0.2465 -0.00065696 0.0781497
0.2466 -0.000649121 0.0786353
0.2467 -0.000641233 0.0791158
0.2468 -0.000633298 0.0795912
0.2469 -0.000625315 0.0800614
0.247 -0.000617286 0.0805264
0.2471 -0.00060921 0.0809862
0.2472 -0.000601088 0.0814407
0.2473 -0.000592922 0.08189
0.2474 -0.000584711 0.0823339
0.2475 -0.000576455 0.0827726
0.2476 -0.000568156 0.0832058
0.2477 -0.000559814 0.0836337
0.2478 -0.00055143 0.0840561
0.2479 -0.000543003 0.0844731
0.248 -0.000534535 0.0848846
0.2481 -0.000526026 0.0852906
0.2482 -0.000517477 0.0856911
0.2483 -0.000508888 0.0860861
0.2484 -0.00050026 0.0864754
0.2485 -0.000491594 0.0868592
0.2486 -0.000482889 0.0872373
0.2487 -0.000474146 0.0876098
0.2488 -0.000465367 0.0879766
0.2489 -0.000456551 0.0883377
0.249 -0.0004477 0.0886931
0.2491 -0.000438813 0.0890428
0.2492 -0.000429891 0.0893866
0.2493 -0.000420936 0.0897247
0.2494 -0.000411946 0.090057
0.2495 -0.000402924 0.0903835
0.2496 -0.00039387 0.0907041
0.2497 -0.000384784 0.0910188
0.2498 -0.000375666 0.0913277
0.2499 -0.000366518 0.0916306
0.25 -0.00035734 0.0919276
0.2501 -0.000348133 0.0922187
0.2502 -0.000338897 0.0925038
0.2503 -0.000329633 0.0927829
0.2504 -0.000320341 0.0930559
0.2505 -0.000311022 0.093323
0.2506 -0.000301676 0.0935841
0.2507 -0.000292305 0.093839
0.2508 -0.000282909 0.094088
0.2509 -0.000273488 0.0943308
0.251 -0.000264043 0.0945675
0.2511 -0.000254574 0.0947981
0.2512 -0.000245083 0.0950226
0.2513 -0.00023557 0.0952409
